timestamp,session_id,mode,session_state,step_id,tool_name,status,latency_ms,budget,locked_price,regime,raw_goodput,effective_goodput,shadow_would_reject
1774779280.173487,sess-0000-40ac6ba1,plan_and_solve,SUCCESS,s1,calculate,success,7.32,500,1,,3.0,3.0,False
1774779280.180980,sess-0000-40ac6ba1,plan_and_solve,SUCCESS,s2,calculate,success,4.93,500,1,,3.0,3.0,False
1774779280.186019,sess-0000-40ac6ba1,plan_and_solve,SUCCESS,s3,calculate,success,5.69,500,0,,3.0,3.0,False
1774779280.572183,sess-0005-62b8d52a,plan_and_solve,SUCCESS,s1,web_fetch,success,161.70,500,8,,5.0,5.0,False
1774779280.734000,sess-0005-62b8d52a,plan_and_solve,SUCCESS,s2,calculate,success,6.78,500,8,,5.0,5.0,False
1774779280.740898,sess-0005-62b8d52a,plan_and_solve,SUCCESS,s3,calculate,success,7.84,500,8,,5.0,5.0,False
1774779280.748842,sess-0005-62b8d52a,plan_and_solve,SUCCESS,s4,calculate,success,13.30,500,8,,5.0,5.0,False
1774779280.762250,sess-0005-62b8d52a,plan_and_solve,SUCCESS,s5,web_fetch,success,162.31,500,10,,5.0,5.0,False
1774779280.725081,sess-0008-1a104bf7,plan_and_solve,SUCCESS,s1,calculate,success,14.01,500,8,,3.0,3.0,False
1774779280.739213,sess-0008-1a104bf7,plan_and_solve,SUCCESS,s2,web_fetch,success,157.81,500,11,,3.0,3.0,False
1774779280.897147,sess-0008-1a104bf7,plan_and_solve,SUCCESS,s3,web_fetch,success,157.62,500,9,,3.0,3.0,False
1774779280.870881,sess-0010-7b644425,plan_and_solve,SUCCESS,s1,calculate,success,12.86,500,11,,5.0,5.0,False
1774779280.883867,sess-0010-7b644425,plan_and_solve,SUCCESS,s2,calculate,success,14.78,500,11,,5.0,5.0,False
1774779280.898835,sess-0010-7b644425,plan_and_solve,SUCCESS,s3,web_fetch,success,170.40,500,9,,5.0,5.0,False
1774779281.069380,sess-0010-7b644425,plan_and_solve,SUCCESS,s4,calculate,success,7.28,500,9,,5.0,5.0,False
1774779281.076795,sess-0010-7b644425,plan_and_solve,SUCCESS,s5,calculate,success,8.30,500,8,,5.0,5.0,False
1774779280.590766,sess-0007-b561550f,plan_and_solve,SUCCESS,s1,calculate,success,9.82,500,7,,6.0,6.0,False
1774779280.600711,sess-0007-b561550f,plan_and_solve,SUCCESS,s2,web_fetch,success,160.15,500,8,,6.0,6.0,False
1774779280.760970,sess-0007-b561550f,plan_and_solve,SUCCESS,s3,web_fetch,success,159.33,500,11,,6.0,6.0,False
1774779280.920421,sess-0007-b561550f,plan_and_solve,SUCCESS,s4,web_fetch,success,162.76,500,9,,6.0,6.0,False
1774779281.083471,sess-0007-b561550f,plan_and_solve,SUCCESS,s5,calculate,success,5.05,500,8,,6.0,6.0,False
1774779281.088568,sess-0007-b561550f,plan_and_solve,SUCCESS,s6,calculate,success,5.02,500,7,,6.0,6.0,False
1774779280.206551,sess-0001-aeb491d1,plan_and_solve,SUCCESS,s1,mock_heavy,success,807.74,500,10,,7.0,7.0,False
1774779281.014425,sess-0001-aeb491d1,plan_and_solve,SUCCESS,s2,calculate,success,8.49,500,10,,7.0,7.0,False
1774779281.023045,sess-0001-aeb491d1,plan_and_solve,SUCCESS,s3,web_fetch,success,157.63,500,7,,7.0,7.0,False
1774779280.585740,sess-0006-0fa2502c,plan_and_solve,SUCCESS,s1,web_fetch,success,161.51,500,8,,7.0,7.0,False
1774779280.747368,sess-0006-0fa2502c,plan_and_solve,SUCCESS,s2,calculate,success,11.98,500,8,,7.0,7.0,False
1774779280.759524,sess-0006-0fa2502c,plan_and_solve,SUCCESS,s3,calculate,success,9.17,500,8,,7.0,7.0,False
1774779280.768861,sess-0006-0fa2502c,plan_and_solve,SUCCESS,s4,web_fetch,success,159.59,500,10,,7.0,7.0,False
1774779280.928527,sess-0006-0fa2502c,plan_and_solve,SUCCESS,s5,calculate,success,6.43,500,10,,7.0,7.0,False
1774779280.935072,sess-0006-0fa2502c,plan_and_solve,SUCCESS,s6,web_fetch,success,157.05,500,8,,7.0,7.0,False
1774779281.092238,sess-0006-0fa2502c,plan_and_solve,SUCCESS,s7,web_fetch,success,156.48,500,8,,7.0,7.0,False
1774779280.787388,sess-0009-fd8e1880,plan_and_solve,SUCCESS,s1,calculate,success,7.39,500,9,,6.0,6.0,False
1774779280.794904,sess-0009-fd8e1880,plan_and_solve,SUCCESS,s2,calculate,success,5.99,500,9,,6.0,6.0,False
1774779280.801082,sess-0009-fd8e1880,plan_and_solve,SUCCESS,s3,web_fetch,success,157.98,500,10,,6.0,6.0,False
1774779280.959188,sess-0009-fd8e1880,plan_and_solve,SUCCESS,s4,web_fetch,success,156.50,500,8,,6.0,6.0,False
1774779281.115813,sess-0009-fd8e1880,plan_and_solve,SUCCESS,s5,web_fetch,success,155.99,500,9,,6.0,6.0,False
1774779281.271960,sess-0009-fd8e1880,plan_and_solve,SUCCESS,s6,calculate,success,11.37,500,9,,6.0,6.0,False
1774779281.246662,sess-0014-d34633f8,plan_and_solve,SUCCESS,s1,calculate,success,6.03,500,8,,3.0,3.0,False
1774779281.252805,sess-0014-d34633f8,plan_and_solve,SUCCESS,s2,web_fetch,success,159.06,500,12,,3.0,3.0,False
1774779281.412137,sess-0014-d34633f8,plan_and_solve,SUCCESS,s3,calculate,success,29.52,500,12,,3.0,3.0,False
1774779280.497386,sess-0003-54c72e0b,plan_and_solve,SUCCESS,s1,calculate,success,9.98,500,3,,7.0,7.0,False
1774779280.507503,sess-0003-54c72e0b,plan_and_solve,SUCCESS,s2,web_fetch,success,159.02,500,7,,7.0,7.0,False
1774779280.666660,sess-0003-54c72e0b,plan_and_solve,SUCCESS,s3,mock_heavy,success,809.52,500,11,,7.0,7.0,False
1774779281.275630,sess-0016-6c43a157,plan_and_solve,SUCCESS,s1,calculate,success,9.10,500,9,,5.0,5.0,False
1774779281.284839,sess-0016-6c43a157,plan_and_solve,SUCCESS,s2,calculate,success,6.29,500,9,,5.0,5.0,False
1774779281.291248,sess-0016-6c43a157,plan_and_solve,SUCCESS,s3,calculate,success,6.08,500,9,,5.0,5.0,False
1774779281.297444,sess-0016-6c43a157,plan_and_solve,SUCCESS,s4,web_fetch,success,157.22,500,12,,5.0,5.0,False
1774779281.454835,sess-0016-6c43a157,plan_and_solve,SUCCESS,s5,calculate,success,21.82,500,10,,5.0,5.0,False
1774779280.408732,sess-0002-4ab9cd68,plan_and_solve,SUCCESS,s1,calculate,success,10.28,500,2,,11.0,11.0,False
1774779280.419145,sess-0002-4ab9cd68,plan_and_solve,SUCCESS,s2,calculate,success,7.22,500,2,,11.0,11.0,False
1774779280.426493,sess-0002-4ab9cd68,plan_and_solve,SUCCESS,s3,web_fetch,success,157.89,500,5,,11.0,11.0,False
1774779280.584515,sess-0002-4ab9cd68,plan_and_solve,SUCCESS,s4,calculate,success,9.21,500,6,,11.0,11.0,False
1774779280.593925,sess-0002-4ab9cd68,plan_and_solve,SUCCESS,s5,web_fetch,success,159.77,500,8,,11.0,11.0,False
1774779280.753817,sess-0002-4ab9cd68,plan_and_solve,SUCCESS,s6,web_fetch,success,162.60,500,11,,11.0,11.0,False
1774779280.916528,sess-0002-4ab9cd68,plan_and_solve,SUCCESS,s7,mock_heavy,success,811.65,500,16,,11.0,11.0,False
1774779281.587348,sess-0025-0769cd80,plan_and_solve,SUCCESS,s1,calculate,success,17.51,500,15,,4.0,4.0,False
1774779281.604950,sess-0025-0769cd80,plan_and_solve,SUCCESS,s2,calculate,success,13.34,500,15,,4.0,4.0,False
1774779281.618472,sess-0025-0769cd80,plan_and_solve,SUCCESS,s3,calculate,success,161.37,500,17,,4.0,4.0,False
1774779281.780084,sess-0025-0769cd80,plan_and_solve,SUCCESS,s4,calculate,success,102.73,500,18,,4.0,4.0,False
1774779281.108776,sess-0012-2a8fc20f,plan_and_solve,SUCCESS,s1,calculate,success,5.13,500,8,,6.0,6.0,False
1774779281.114042,sess-0012-2a8fc20f,plan_and_solve,SUCCESS,s2,web_fetch,success,156.35,500,9,,6.0,6.0,False
1774779281.270506,sess-0012-2a8fc20f,plan_and_solve,SUCCESS,s3,calculate,success,11.32,500,10,,6.0,6.0,False
1774779281.281948,sess-0012-2a8fc20f,plan_and_solve,SUCCESS,s4,web_fetch,success,157.83,500,13,,6.0,6.0,False
1774779281.440014,sess-0012-2a8fc20f,plan_and_solve,SUCCESS,s5,web_fetch,success,171.29,500,15,,6.0,6.0,False
1774779281.611424,sess-0012-2a8fc20f,plan_and_solve,SUCCESS,s6,web_fetch,success,273.44,500,17,,6.0,6.0,False
1774779280.873729,sess-0011-f205146b,plan_and_solve,SUCCESS,s1,web_fetch,success,161.81,500,10,,11.0,11.0,False
1774779281.035814,sess-0011-f205146b,plan_and_solve,SUCCESS,s2,calculate,success,8.25,500,10,,11.0,11.0,False
1774779281.044196,sess-0011-f205146b,plan_and_solve,SUCCESS,s3,web_fetch,success,158.50,500,7,,11.0,11.0,False
1774779281.202874,sess-0011-f205146b,plan_and_solve,SUCCESS,s4,calculate,success,7.43,500,7,,11.0,11.0,False
1774779281.210508,sess-0011-f205146b,plan_and_solve,SUCCESS,s5,calculate,success,7.48,500,7,,11.0,11.0,False
1774779281.218107,sess-0011-f205146b,plan_and_solve,SUCCESS,s6,mock_heavy,success,808.65,500,20,,11.0,11.0,False
1774779282.026898,sess-0011-f205146b,plan_and_solve,SUCCESS,s7,calculate,success,181.69,500,19,,11.0,11.0,False
1774779281.414843,sess-0020-dbdfc183,plan_and_solve,SUCCESS,s1,web_fetch,success,182.98,500,15,,4.0,4.0,False
1774779281.597943,sess-0020-dbdfc183,plan_and_solve,SUCCESS,s2,web_fetch,success,190.52,500,17,,4.0,4.0,False
1774779281.788582,sess-0020-dbdfc183,plan_and_solve,SUCCESS,s3,web_fetch,success,253.74,500,20,,4.0,4.0,False
1774779282.042440,sess-0020-dbdfc183,plan_and_solve,SUCCESS,s4,calculate,success,185.62,500,19,,4.0,4.0,False
1774779281.261044,sess-0015-65c49a10,plan_and_solve,SUCCESS,s1,calculate,success,7.78,500,9,,7.0,7.0,False
1774779281.268945,sess-0015-65c49a10,plan_and_solve,SUCCESS,s2,web_fetch,success,159.50,500,13,,7.0,7.0,False
1774779281.428575,sess-0015-65c49a10,plan_and_solve,SUCCESS,s3,calculate,success,28.71,500,12,,7.0,7.0,False
1774779281.457477,sess-0015-65c49a10,plan_and_solve,SUCCESS,s4,web_fetch,success,171.25,500,15,,7.0,7.0,False
1774779281.628855,sess-0015-65c49a10,plan_and_solve,SUCCESS,s5,web_fetch,success,353.65,500,20,,7.0,7.0,False
1774779281.982637,sess-0015-65c49a10,plan_and_solve,SUCCESS,s6,calculate,success,175.34,500,20,,7.0,7.0,False
1774779282.158168,sess-0015-65c49a10,plan_and_solve,SUCCESS,s7,calculate,success,110.35,500,18,,7.0,7.0,False
1774779280.559704,sess-0004-2d181b29,plan_and_solve,SUCCESS,s1,web_fetch,success,163.58,500,7,,11.0,11.0,False
1774779280.723428,sess-0004-2d181b29,plan_and_solve,SUCCESS,s2,calculate,success,6.26,500,8,,11.0,11.0,False
1774779280.729811,sess-0004-2d181b29,plan_and_solve,SUCCESS,s3,mock_heavy,success,810.39,500,13,,11.0,11.0,False
1774779281.540335,sess-0004-2d181b29,plan_and_solve,SUCCESS,s4,calculate,success,90.99,500,15,,11.0,11.0,False
1774779281.631437,sess-0004-2d181b29,plan_and_solve,SUCCESS,s5,calculate,success,164.46,500,17,,11.0,11.0,False
1774779281.796159,sess-0004-2d181b29,plan_and_solve,SUCCESS,s6,web_fetch,success,261.26,500,20,,11.0,11.0,False
1774779282.057569,sess-0004-2d181b29,plan_and_solve,SUCCESS,s7,web_fetch,success,331.79,500,18,,11.0,11.0,False
1774779281.708625,sess-0027-8e3291c0,plan_and_solve,SUCCESS,s1,calculate,success,97.28,500,17,,4.0,4.0,False
1774779281.806063,sess-0027-8e3291c0,plan_and_solve,SUCCESS,s2,calculate,success,152.30,500,20,,4.0,4.0,False
1774779281.958497,sess-0027-8e3291c0,plan_and_solve,SUCCESS,s3,calculate,success,183.61,500,20,,4.0,4.0,False
1774779282.142246,sess-0027-8e3291c0,plan_and_solve,SUCCESS,s4,web_fetch,success,273.39,500,17,,4.0,4.0,False
1774779281.758269,sess-0028-abfbf5b0,plan_and_solve,SUCCESS,s1,calculate,success,67.36,500,19,,4.0,4.0,False
1774779281.825750,sess-0028-abfbf5b0,plan_and_solve,SUCCESS,s2,web_fetch,success,365.91,500,20,,4.0,4.0,False
1774779282.191788,sess-0028-abfbf5b0,plan_and_solve,SUCCESS,s3,web_fetch,success,243.86,500,17,,4.0,4.0,False
1774779282.435841,sess-0028-abfbf5b0,plan_and_solve,SUCCESS,s4,web_fetch,success,276.21,500,19,,4.0,4.0,False
1774779281.898815,sess-0032-9ef1e35c,plan_and_solve,SUCCESS,s1,web_fetch,success,322.05,500,20,,4.0,4.0,False
1774779282.220988,sess-0032-9ef1e35c,plan_and_solve,SUCCESS,s2,web_fetch,success,300.85,500,20,,4.0,4.0,False
1774779282.521988,sess-0032-9ef1e35c,plan_and_solve,SUCCESS,s3,web_fetch,success,373.38,500,20,,4.0,4.0,False
1774779282.895509,sess-0032-9ef1e35c,plan_and_solve,SUCCESS,s4,calculate,success,198.32,500,19,,4.0,4.0,False
1774779281.885469,sess-0031-a80c81a6,plan_and_solve,SUCCESS,s1,calculate,success,170.32,500,20,,5.0,5.0,False
1774779282.055962,sess-0031-a80c81a6,plan_and_solve,SUCCESS,s2,web_fetch,success,326.60,500,19,,5.0,5.0,False
1774779282.382695,sess-0031-a80c81a6,plan_and_solve,SUCCESS,s3,calculate,success,153.09,500,20,,5.0,5.0,False
1774779282.536069,sess-0031-a80c81a6,plan_and_solve,SUCCESS,s4,web_fetch,success,371.59,500,20,,5.0,5.0,False
1774779282.907717,sess-0031-a80c81a6,plan_and_solve,SUCCESS,s5,calculate,success,198.23,500,19,,5.0,5.0,False
1774779281.351686,sess-0018-1db1c47f,plan_and_solve,SUCCESS,s1,web_fetch,success,211.68,500,14,,11.0,11.0,False
1774779281.563499,sess-0018-1db1c47f,plan_and_solve,SUCCESS,s2,web_fetch,success,209.19,500,17,,11.0,11.0,False
1774779281.772826,sess-0018-1db1c47f,plan_and_solve,SUCCESS,s3,calculate,success,17.02,500,17,,11.0,11.0,False
1774779281.789960,sess-0018-1db1c47f,plan_and_solve,SUCCESS,s4,calculate,success,104.96,500,18,,11.0,11.0,False
1774779281.895034,sess-0018-1db1c47f,plan_and_solve,SUCCESS,s5,calculate,success,173.32,500,20,,11.0,11.0,False
1774779282.068547,sess-0018-1db1c47f,plan_and_solve,SUCCESS,s6,mock_heavy,success,974.21,500,20,,11.0,11.0,False
1774779283.042885,sess-0018-1db1c47f,plan_and_solve,SUCCESS,s7,calculate,success,116.36,500,19,,11.0,11.0,False
1774779281.691350,sess-0026-67b929cd,plan_and_solve,SUCCESS,s1,web_fetch,success,257.65,500,20,,7.0,7.0,False
1774779281.949154,sess-0026-67b929cd,plan_and_solve,SUCCESS,s2,calculate,success,176.14,500,20,,7.0,7.0,False
1774779282.125479,sess-0026-67b929cd,plan_and_solve,SUCCESS,s3,calculate,success,128.37,500,19,,7.0,7.0,False
1774779282.253969,sess-0026-67b929cd,plan_and_solve,SUCCESS,s4,calculate,success,169.51,500,17,,7.0,7.0,False
1774779282.423668,sess-0026-67b929cd,plan_and_solve,SUCCESS,s5,calculate,success,131.01,500,20,,7.0,7.0,False
1774779282.554844,sess-0026-67b929cd,plan_and_solve,SUCCESS,s6,web_fetch,success,419.22,500,20,,7.0,7.0,False
1774779282.974209,sess-0026-67b929cd,plan_and_solve,SUCCESS,s7,web_fetch,success,298.71,500,19,,7.0,7.0,False
1774779281.229849,sess-0013-6ed22869,plan_and_solve,SUCCESS,s1,mock_heavy,success,809.66,500,20,,12.0,12.0,False
1774779282.039644,sess-0013-6ed22869,plan_and_solve,SUCCESS,s2,calculate,success,178.77,500,20,,12.0,12.0,False
1774779282.218540,sess-0013-6ed22869,plan_and_solve,SUCCESS,s3,calculate,success,138.90,500,19,,12.0,12.0,False
1774779282.357558,sess-0013-6ed22869,plan_and_solve,SUCCESS,s4,mock_heavy,success,922.11,500,19,,12.0,12.0,False
1774779281.490262,sess-0022-8f2178c3,plan_and_solve,SUCCESS,s1,mock_heavy,success,853.60,500,19,,11.0,11.0,False
1774779282.344116,sess-0022-8f2178c3,plan_and_solve,SUCCESS,s2,calculate,success,108.30,500,18,,11.0,11.0,False
1774779282.452536,sess-0022-8f2178c3,plan_and_solve,SUCCESS,s3,calculate,success,135.87,500,20,,11.0,11.0,False
1774779282.588466,sess-0022-8f2178c3,plan_and_solve,SUCCESS,s4,calculate,success,401.31,500,20,,11.0,11.0,False
1774779282.989912,sess-0022-8f2178c3,plan_and_solve,SUCCESS,s5,calculate,success,136.29,500,20,,11.0,11.0,False
1774779283.126322,sess-0022-8f2178c3,plan_and_solve,SUCCESS,s6,calculate,success,162.86,500,20,,11.0,11.0,False
1774779283.289315,sess-0022-8f2178c3,plan_and_solve,SUCCESS,s7,calculate,success,105.87,500,19,,11.0,11.0,False
1774779282.208947,sess-0034-fbc80df6,plan_and_solve,SUCCESS,s1,calculate,success,146.96,500,19,,7.0,7.0,False
1774779282.356039,sess-0034-fbc80df6,plan_and_solve,SUCCESS,s2,calculate,success,108.50,500,18,,7.0,7.0,False
1774779282.464738,sess-0034-fbc80df6,plan_and_solve,SUCCESS,s3,web_fetch,success,276.12,500,20,,7.0,7.0,False
1774779282.740937,sess-0034-fbc80df6,plan_and_solve,SUCCESS,s4,calculate,success,318.93,500,20,,7.0,7.0,False
1774779283.060107,sess-0034-fbc80df6,plan_and_solve,SUCCESS,s5,calculate,success,116.72,500,20,,7.0,7.0,False
1774779283.176949,sess-0034-fbc80df6,plan_and_solve,SUCCESS,s6,calculate,success,147.57,500,20,,7.0,7.0,False
1774779283.324705,sess-0034-fbc80df6,plan_and_solve,SUCCESS,s7,calculate,success,101.87,500,19,,7.0,7.0,False
1774779283.106247,sess-0041-2974882e,plan_and_solve,SUCCESS,s1,calculate,success,157.04,500,20,,3.0,3.0,False
1774779283.263501,sess-0041-2974882e,plan_and_solve,SUCCESS,s2,calculate,success,94.27,500,20,,3.0,3.0,False
1774779283.357905,sess-0041-2974882e,plan_and_solve,SUCCESS,s3,calculate,success,85.62,500,19,,3.0,3.0,False
1774779281.545629,sess-0024-6592dae6,plan_and_solve,SUCCESS,s1,web_fetch,success,327.94,500,19,,9.0,9.0,False
1774779281.873718,sess-0024-6592dae6,plan_and_solve,SUCCESS,s2,web_fetch,success,330.49,500,20,,9.0,9.0,False
1774779282.204392,sess-0024-6592dae6,plan_and_solve,SUCCESS,s3,calculate,success,134.75,500,19,,9.0,9.0,False
1774779282.339274,sess-0024-6592dae6,plan_and_solve,SUCCESS,s4,mock_heavy,success,909.36,500,20,,9.0,9.0,False
1774779283.248716,sess-0024-6592dae6,plan_and_solve,SUCCESS,s5,web_fetch,success,256.25,500,19,,9.0,9.0,False
1774779283.273292,sess-0043-ab323bb8,plan_and_solve,SUCCESS,s1,calculate,success,22.24,500,20,,3.0,3.0,False
1774779283.295664,sess-0043-ab323bb8,plan_and_solve,SUCCESS,s2,calculate,success,118.64,500,20,,3.0,3.0,False
1774779283.414424,sess-0043-ab323bb8,plan_and_solve,SUCCESS,s3,web_fetch,success,274.77,500,19,,3.0,3.0,False
1774779281.301003,sess-0017-304e2197,plan_and_solve,SUCCESS,s1,mock_heavy,success,807.67,500,20,,11.0,11.0,False
1774779282.108839,sess-0017-304e2197,plan_and_solve,SUCCESS,s2,calculate,success,138.98,500,19,,11.0,11.0,False
1774779282.248051,sess-0017-304e2197,plan_and_solve,SUCCESS,s3,web_fetch,success,304.43,500,20,,11.0,11.0,False
1774779282.552644,sess-0017-304e2197,plan_and_solve,SUCCESS,s4,web_fetch,success,397.26,500,20,,11.0,11.0,False
1774779282.949986,sess-0017-304e2197,plan_and_solve,SUCCESS,s5,calculate,success,161.26,500,20,,11.0,11.0,False
1774779283.111364,sess-0017-304e2197,plan_and_solve,SUCCESS,s6,web_fetch,success,319.05,500,20,,11.0,11.0,False
1774779283.430480,sess-0017-304e2197,plan_and_solve,SUCCESS,s7,web_fetch,success,329.12,500,19,,11.0,11.0,False
1774779281.478431,sess-0021-5c67ae77,plan_and_solve,SUCCESS,s1,calculate,success,63.22,500,13,,11.0,11.0,False
1774779281.541767,sess-0021-5c67ae77,plan_and_solve,SUCCESS,s2,mock_heavy,success,867.56,500,18,,11.0,11.0,False
1774779282.409464,sess-0021-5c67ae77,plan_and_solve,SUCCESS,s3,calculate,success,135.95,500,20,,11.0,11.0,False
1774779282.545539,sess-0021-5c67ae77,plan_and_solve,SUCCESS,s4,calculate,success,239.87,500,20,,11.0,11.0,False
1774779282.785487,sess-0021-5c67ae77,plan_and_solve,SUCCESS,s5,web_fetch,success,443.48,500,20,,11.0,11.0,False
1774779283.229035,sess-0021-5c67ae77,plan_and_solve,SUCCESS,s6,web_fetch,success,275.23,500,20,,11.0,11.0,False
1774779283.504332,sess-0021-5c67ae77,plan_and_solve,SUCCESS,s7,web_fetch,success,348.20,500,19,,11.0,11.0,False
1774779283.159575,sess-0042-cd4ae9e3,plan_and_solve,SUCCESS,s1,calculate,success,145.78,500,20,,4.0,4.0,False
1774779283.305480,sess-0042-cd4ae9e3,plan_and_solve,SUCCESS,s2,calculate,success,104.07,500,20,,4.0,4.0,False
1774779283.409621,sess-0042-cd4ae9e3,plan_and_solve,SUCCESS,s3,web_fetch,success,263.76,500,20,,4.0,4.0,False
1774779283.673505,sess-0042-cd4ae9e3,plan_and_solve,SUCCESS,s4,calculate,success,196.13,500,19,,4.0,4.0,False
1774779281.513981,sess-0023-a3e7bb4e,plan_and_solve,SUCCESS,s1,web_fetch,success,204.53,500,17,,13.0,13.0,False
1774779281.718640,sess-0023-a3e7bb4e,plan_and_solve,SUCCESS,s2,calculate,success,97.10,500,17,,13.0,13.0,False
1774779281.815864,sess-0023-a3e7bb4e,plan_and_solve,SUCCESS,s3,mock_heavy,success,952.96,500,20,,13.0,13.0,False
1774779282.768897,sess-0023-a3e7bb4e,plan_and_solve,SUCCESS,s4,calculate,success,307.53,500,20,,13.0,13.0,False
1774779283.076543,sess-0023-a3e7bb4e,plan_and_solve,SUCCESS,s5,mock_heavy,success,915.90,500,19,,13.0,13.0,False
1774779281.390622,sess-0019-de724840,plan_and_solve,SUCCESS,s1,mock_heavy,success,840.56,500,19,,15.0,15.0,False
1774779282.231306,sess-0019-de724840,plan_and_solve,SUCCESS,s2,mock_heavy,success,938.85,500,20,,15.0,15.0,False
1774779283.170336,sess-0019-de724840,plan_and_solve,SUCCESS,s3,calculate,success,137.02,500,20,,15.0,15.0,False
1774779283.307472,sess-0019-de724840,plan_and_solve,SUCCESS,s4,calculate,success,112.38,500,20,,15.0,15.0,False
1774779283.420126,sess-0019-de724840,plan_and_solve,SUCCESS,s5,calculate,success,171.39,500,20,,15.0,15.0,False
1774779283.591559,sess-0019-de724840,plan_and_solve,SUCCESS,s6,web_fetch,success,335.36,500,20,,15.0,15.0,False
1774779283.927050,sess-0019-de724840,plan_and_solve,SUCCESS,s7,web_fetch,success,174.69,500,19,,15.0,15.0,False
1774779281.822559,sess-0030-0e4b1da8,plan_and_solve,SUCCESS,s1,mock_heavy,success,984.16,500,20,,10.0,10.0,False
1774779282.806850,sess-0030-0e4b1da8,plan_and_solve,SUCCESS,s2,calculate,success,282.53,500,20,,10.0,10.0,False
1774779283.089504,sess-0030-0e4b1da8,plan_and_solve,SUCCESS,s3,web_fetch,success,273.99,500,20,,10.0,10.0,False
1774779283.363582,sess-0030-0e4b1da8,plan_and_solve,SUCCESS,s4,calculate,success,94.98,500,20,,10.0,10.0,False
1774779283.458669,sess-0030-0e4b1da8,plan_and_solve,SUCCESS,s5,web_fetch,success,362.25,500,20,,10.0,10.0,False
1774779283.821055,sess-0030-0e4b1da8,plan_and_solve,SUCCESS,s6,web_fetch,success,380.36,500,19,,10.0,10.0,False
1774779282.330012,sess-0035-6434cb4d,plan_and_solve,SUCCESS,s1,calculate,success,107.52,500,17,,7.0,7.0,False
1774779282.437651,sess-0035-6434cb4d,plan_and_solve,SUCCESS,s2,calculate,success,127.14,500,20,,7.0,7.0,False
1774779282.564840,sess-0035-6434cb4d,plan_and_solve,SUCCESS,s3,web_fetch,success,496.77,500,20,,7.0,7.0,False
1774779283.061725,sess-0035-6434cb4d,plan_and_solve,SUCCESS,s4,web_fetch,success,276.84,500,20,,7.0,7.0,False
1774779283.338705,sess-0035-6434cb4d,plan_and_solve,SUCCESS,s5,web_fetch,success,237.03,500,20,,7.0,7.0,False
1774779283.575834,sess-0035-6434cb4d,plan_and_solve,SUCCESS,s6,web_fetch,success,314.75,500,20,,7.0,7.0,False
1774779283.890710,sess-0035-6434cb4d,plan_and_solve,SUCCESS,s7,web_fetch,success,370.66,500,19,,7.0,7.0,False
1774779282.441477,sess-0036-ef2cd928,plan_and_solve,SUCCESS,s1,calculate,success,136.55,500,20,,6.0,6.0,False
1774779282.578153,sess-0036-ef2cd928,plan_and_solve,SUCCESS,s2,web_fetch,success,494.87,500,20,,6.0,6.0,False
1774779283.073146,sess-0036-ef2cd928,plan_and_solve,SUCCESS,s3,web_fetch,success,266.95,500,20,,6.0,6.0,False
1774779283.340211,sess-0036-ef2cd928,plan_and_solve,SUCCESS,s4,web_fetch,success,243.39,500,20,,6.0,6.0,False
1774779283.583652,sess-0036-ef2cd928,plan_and_solve,SUCCESS,s5,web_fetch,success,333.57,500,20,,6.0,6.0,False
1774779283.917420,sess-0036-ef2cd928,plan_and_solve,SUCCESS,s6,web_fetch,success,357.39,500,19,,6.0,6.0,False
1774779283.094144,sess-0040-e6247fe4,plan_and_solve,SUCCESS,s1,web_fetch,success,301.83,500,19,,5.0,5.0,False
1774779283.396024,sess-0040-e6247fe4,plan_and_solve,SUCCESS,s2,web_fetch,success,240.86,500,20,,5.0,5.0,False
1774779283.637062,sess-0040-e6247fe4,plan_and_solve,SUCCESS,s3,calculate,success,200.34,500,20,,5.0,5.0,False
1774779283.837539,sess-0040-e6247fe4,plan_and_solve,SUCCESS,s4,calculate,success,237.57,500,20,,5.0,5.0,False
1774779284.075287,sess-0040-e6247fe4,plan_and_solve,SUCCESS,s5,web_fetch,success,326.59,500,19,,5.0,5.0,False
1774779281.904460,sess-0033-11804604,plan_and_solve,SUCCESS,s1,web_fetch,success,332.15,500,19,,13.0,13.0,False
1774779282.236729,sess-0033-11804604,plan_and_solve,SUCCESS,s2,mock_heavy,success,960.91,500,20,,13.0,13.0,False
1774779283.197762,sess-0033-11804604,plan_and_solve,SUCCESS,s3,calculate,success,143.56,500,20,,13.0,13.0,False
1774779283.341430,sess-0033-11804604,plan_and_solve,SUCCESS,s4,calculate,success,100.50,500,20,,13.0,13.0,False
1774779283.441986,sess-0033-11804604,plan_and_solve,SUCCESS,s5,mock_heavy,success,999.35,500,19,,13.0,13.0,False
1774779281.818574,sess-0029-5fb378c3,plan_and_solve,SUCCESS,s1,calculate,success,175.16,500,20,,11.0,11.0,False
1774779281.993870,sess-0029-5fb378c3,plan_and_solve,SUCCESS,s2,web_fetch,success,331.99,500,18,,11.0,11.0,False
1774779282.326030,sess-0029-5fb378c3,plan_and_solve,SUCCESS,s3,web_fetch,success,253.60,500,20,,11.0,11.0,False
1774779282.579750,sess-0029-5fb378c3,plan_and_solve,SUCCESS,s4,mock_heavy,success,1187.43,500,20,,11.0,11.0,False
1774779283.767310,sess-0029-5fb378c3,plan_and_solve,SUCCESS,s5,web_fetch,success,404.76,500,20,,11.0,11.0,False
1774779284.172206,sess-0029-5fb378c3,plan_and_solve,SUCCESS,s6,calculate,success,114.03,500,20,,11.0,11.0,False
1774779284.286431,sess-0029-5fb378c3,plan_and_solve,SUCCESS,s7,calculate,success,174.62,500,19,,11.0,11.0,False
1774779282.473820,sess-0038-202a3a9e,plan_and_solve,SUCCESS,s1,calculate,success,253.78,500,20,,7.0,7.0,False
1774779282.727744,sess-0038-202a3a9e,plan_and_solve,SUCCESS,s2,web_fetch,success,446.55,500,20,,7.0,7.0,False
1774779283.174435,sess-0038-202a3a9e,plan_and_solve,SUCCESS,s3,web_fetch,success,294.50,500,20,,7.0,7.0,False
1774779283.469096,sess-0038-202a3a9e,plan_and_solve,SUCCESS,s4,calculate,success,221.84,500,19,,7.0,7.0,False
1774779283.691048,sess-0038-202a3a9e,plan_and_solve,SUCCESS,s5,web_fetch,success,367.28,500,20,,7.0,7.0,False
1774779284.058460,sess-0038-202a3a9e,plan_and_solve,SUCCESS,s6,calculate,success,176.65,500,20,,7.0,7.0,False
1774779284.235302,sess-0038-202a3a9e,plan_and_solve,SUCCESS,s7,web_fetch,success,334.77,500,19,,7.0,7.0,False
1774779283.443793,sess-0047-3c6adf67,plan_and_solve,SUCCESS,s1,calculate,success,209.76,500,20,,4.0,4.0,False
1774779283.653679,sess-0047-3c6adf67,plan_and_solve,SUCCESS,s2,web_fetch,success,351.14,500,20,,4.0,4.0,False
1774779284.004950,sess-0047-3c6adf67,plan_and_solve,SUCCESS,s3,web_fetch,success,353.93,500,20,,4.0,4.0,False
1774779284.359013,sess-0047-3c6adf67,plan_and_solve,SUCCESS,s4,web_fetch,success,269.87,500,19,,4.0,4.0,False
1774779283.395366,sess-0045-7f4178b5,plan_and_solve,SUCCESS,s1,web_fetch,success,228.15,500,20,,7.0,7.0,False
1774779283.623639,sess-0045-7f4178b5,plan_and_solve,SUCCESS,s2,mock_heavy,success,1186.17,500,20,,7.0,7.0,False
1774779284.809926,sess-0045-7f4178b5,plan_and_solve,SUCCESS,s3,calculate,success,156.78,500,19,,7.0,7.0,False
1774779282.712293,sess-0039-7f2a8bdd,plan_and_solve,SUCCESS,s1,calculate,success,294.18,500,20,,10.0,10.0,False
1774779283.006602,sess-0039-7f2a8bdd,plan_and_solve,SUCCESS,s2,calculate,success,136.30,500,20,,10.0,10.0,False
1774779283.143106,sess-0039-7f2a8bdd,plan_and_solve,SUCCESS,s3,mock_heavy,success,1031.65,500,20,,10.0,10.0,False
1774779284.174883,sess-0039-7f2a8bdd,plan_and_solve,SUCCESS,s4,web_fetch,success,270.62,500,20,,10.0,10.0,False
1774779284.445657,sess-0039-7f2a8bdd,plan_and_solve,SUCCESS,s5,web_fetch,success,392.63,500,20,,10.0,10.0,False
1774779284.838422,sess-0039-7f2a8bdd,plan_and_solve,SUCCESS,s6,calculate,success,140.59,500,19,,10.0,10.0,False
1774779283.426987,sess-0046-1dad2ff5,plan_and_solve,SUCCESS,s1,web_fetch,success,323.10,500,20,,5.0,5.0,False
1774779283.750217,sess-0046-1dad2ff5,plan_and_solve,SUCCESS,s2,web_fetch,success,523.06,500,20,,5.0,5.0,False
1774779284.273409,sess-0046-1dad2ff5,plan_and_solve,SUCCESS,s3,web_fetch,success,331.46,500,20,,5.0,5.0,False
1774779284.604995,sess-0046-1dad2ff5,plan_and_solve,SUCCESS,s4,web_fetch,success,356.02,500,20,,5.0,5.0,False
1774779284.961148,sess-0046-1dad2ff5,plan_and_solve,SUCCESS,s5,web_fetch,success,173.94,500,19,,5.0,5.0,False
1774779283.870058,sess-0052-fb8ecf92,plan_and_solve,SUCCESS,s1,calculate,success,233.58,500,19,,6.0,6.0,False
1774779284.103755,sess-0052-fb8ecf92,plan_and_solve,SUCCESS,s2,web_fetch,success,336.28,500,20,,6.0,6.0,False
1774779284.440140,sess-0052-fb8ecf92,plan_and_solve,SUCCESS,s3,web_fetch,success,329.95,500,20,,6.0,6.0,False
1774779284.770388,sess-0052-fb8ecf92,plan_and_solve,SUCCESS,s4,calculate,success,133.80,500,20,,6.0,6.0,False
1774779284.904404,sess-0052-fb8ecf92,plan_and_solve,SUCCESS,s5,web_fetch,success,242.05,500,20,,6.0,6.0,False
1774779285.146585,sess-0052-fb8ecf92,plan_and_solve,SUCCESS,s6,calculate,success,89.89,500,19,,6.0,6.0,False
1774779284.201732,sess-0055-3ee0b78d,plan_and_solve,SUCCESS,s1,web_fetch,success,303.81,500,20,,4.0,4.0,False
1774779284.505682,sess-0055-3ee0b78d,plan_and_solve,SUCCESS,s2,calculate,success,281.56,500,20,,4.0,4.0,False
1774779284.787433,sess-0055-3ee0b78d,plan_and_solve,SUCCESS,s3,calculate,success,148.01,500,20,,4.0,4.0,False
1774779284.935563,sess-0055-3ee0b78d,plan_and_solve,SUCCESS,s4,web_fetch,success,360.18,500,19,,4.0,4.0,False
1774779283.280168,sess-0044-c90647c0,plan_and_solve,SUCCESS,s1,calculate,success,99.45,500,20,,10.0,10.0,False
1774779283.379828,sess-0044-c90647c0,plan_and_solve,SUCCESS,s2,mock_heavy,success,883.42,500,19,,10.0,10.0,False
1774779284.263363,sess-0044-c90647c0,plan_and_solve,SUCCESS,s3,web_fetch,success,333.03,500,20,,10.0,10.0,False
1774779284.596579,sess-0044-c90647c0,plan_and_solve,SUCCESS,s4,calculate,success,205.97,500,20,,10.0,10.0,False
1774779284.802668,sess-0044-c90647c0,plan_and_solve,SUCCESS,s5,calculate,success,146.68,500,20,,10.0,10.0,False
1774779284.949467,sess-0044-c90647c0,plan_and_solve,SUCCESS,s6,web_fetch,success,357.84,500,19,,10.0,10.0,False
1774779283.689514,sess-0049-77eafb25,plan_and_solve,SUCCESS,s1,web_fetch,success,344.98,500,20,,8.0,8.0,False
1774779284.034632,sess-0049-77eafb25,plan_and_solve,SUCCESS,s2,calculate,success,183.62,500,20,,8.0,8.0,False
1774779284.218376,sess-0049-77eafb25,plan_and_solve,SUCCESS,s3,mock_heavy,success,958.15,500,20,,8.0,8.0,False
1774779285.176657,sess-0049-77eafb25,plan_and_solve,SUCCESS,s4,calculate,success,149.98,500,19,,8.0,8.0,False
1774779284.441581,sess-0059-662481ff,plan_and_solve,SUCCESS,s1,web_fetch,success,343.98,500,20,,4.0,4.0,False
1774779284.785798,sess-0059-662481ff,plan_and_solve,SUCCESS,s2,calculate,success,132.87,500,20,,4.0,4.0,False
1774779284.918796,sess-0059-662481ff,plan_and_solve,SUCCESS,s3,web_fetch,success,229.39,500,20,,4.0,4.0,False
1774779285.148302,sess-0059-662481ff,plan_and_solve,SUCCESS,s4,web_fetch,success,252.40,500,19,,4.0,4.0,False
1774779283.852990,sess-0051-6518c7df,plan_and_solve,SUCCESS,s1,web_fetch,success,389.85,500,20,,7.0,7.0,False
1774779284.242976,sess-0051-6518c7df,plan_and_solve,SUCCESS,s2,calculate,success,182.51,500,20,,7.0,7.0,False
1774779284.425553,sess-0051-6518c7df,plan_and_solve,SUCCESS,s3,web_fetch,success,336.78,500,20,,7.0,7.0,False
1774779284.762472,sess-0051-6518c7df,plan_and_solve,SUCCESS,s4,calculate,success,124.94,500,20,,7.0,7.0,False
1774779284.887539,sess-0051-6518c7df,plan_and_solve,SUCCESS,s5,calculate,success,274.81,500,20,,7.0,7.0,False
1774779285.162470,sess-0051-6518c7df,plan_and_solve,SUCCESS,s6,calculate,success,162.63,500,20,,7.0,7.0,False
1774779285.325226,sess-0051-6518c7df,plan_and_solve,SUCCESS,s7,calculate,success,88.75,500,19,,7.0,7.0,False
1774779283.760138,sess-0050-90a1d7d6,plan_and_solve,SUCCESS,s1,web_fetch,success,174.62,500,20,,7.0,7.0,False
1774779283.934995,sess-0050-90a1d7d6,plan_and_solve,SUCCESS,s2,web_fetch,success,403.78,500,20,,7.0,7.0,False
1774779284.338915,sess-0050-90a1d7d6,plan_and_solve,SUCCESS,s3,web_fetch,success,282.85,500,20,,7.0,7.0,False
1774779284.621890,sess-0050-90a1d7d6,plan_and_solve,SUCCESS,s4,web_fetch,success,173.20,500,20,,7.0,7.0,False
1774779284.795220,sess-0050-90a1d7d6,plan_and_solve,SUCCESS,s5,calculate,success,150.66,500,20,,7.0,7.0,False
1774779284.946004,sess-0050-90a1d7d6,plan_and_solve,SUCCESS,s6,calculate,success,204.37,500,20,,7.0,7.0,False
1774779285.150490,sess-0050-90a1d7d6,plan_and_solve,SUCCESS,s7,web_fetch,success,274.04,500,19,,7.0,7.0,False
1774779283.992788,sess-0053-37bb2805,plan_and_solve,SUCCESS,s1,calculate,success,199.06,500,20,,7.0,7.0,False
1774779284.192152,sess-0053-37bb2805,plan_and_solve,SUCCESS,s2,web_fetch,success,264.36,500,20,,7.0,7.0,False
1774779284.456702,sess-0053-37bb2805,plan_and_solve,SUCCESS,s3,mock_heavy,success,1094.24,500,19,,7.0,7.0,False
1774779282.466097,sess-0037-6388ae58,plan_and_solve,SUCCESS,s1,mock_heavy,success,937.24,500,20,,15.0,15.0,False
1774779283.403461,sess-0037-6388ae58,plan_and_solve,SUCCESS,s2,calculate,success,117.33,500,20,,15.0,15.0,False
1774779283.520916,sess-0037-6388ae58,plan_and_solve,SUCCESS,s3,calculate,success,202.62,500,20,,15.0,15.0,False
1774779283.723658,sess-0037-6388ae58,plan_and_solve,SUCCESS,s4,web_fetch,success,370.05,500,20,,15.0,15.0,False
1774779284.093835,sess-0037-6388ae58,plan_and_solve,SUCCESS,s5,web_fetch,success,333.62,500,20,,15.0,15.0,False
1774779284.427546,sess-0037-6388ae58,plan_and_solve,SUCCESS,s6,mock_heavy,success,995.29,500,20,,15.0,15.0,False
1774779285.423034,sess-0037-6388ae58,plan_and_solve,SUCCESS,s7,calculate,success,197.28,500,19,,15.0,15.0,False
1774779284.102109,sess-0054-d2c7cf4f,plan_and_solve,SUCCESS,s1,calculate,success,174.28,500,19,,6.0,6.0,False
1774779284.276547,sess-0054-d2c7cf4f,plan_and_solve,SUCCESS,s2,web_fetch,success,333.25,500,20,,6.0,6.0,False
1774779284.609926,sess-0054-d2c7cf4f,plan_and_solve,SUCCESS,s3,web_fetch,success,361.33,500,20,,6.0,6.0,False
1774779284.971458,sess-0054-d2c7cf4f,plan_and_solve,SUCCESS,s4,web_fetch,success,356.96,500,19,,6.0,6.0,False
1774779285.328532,sess-0054-d2c7cf4f,plan_and_solve,SUCCESS,s5,calculate,success,108.07,500,20,,6.0,6.0,False
1774779285.436757,sess-0054-d2c7cf4f,plan_and_solve,SUCCESS,s6,calculate,success,199.97,500,19,,6.0,6.0,False
1774779284.570493,sess-0061-6c2b05a0,plan_and_solve,SUCCESS,s1,calculate,success,233.49,500,20,,5.0,5.0,False
1774779284.804101,sess-0061-6c2b05a0,plan_and_solve,SUCCESS,s2,web_fetch,success,306.83,500,20,,5.0,5.0,False
1774779285.111142,sess-0061-6c2b05a0,plan_and_solve,SUCCESS,s3,calculate,success,82.79,500,20,,5.0,5.0,False
1774779285.194044,sess-0061-6c2b05a0,plan_and_solve,SUCCESS,s4,web_fetch,success,374.02,500,20,,5.0,5.0,False
1774779285.568196,sess-0061-6c2b05a0,plan_and_solve,SUCCESS,s5,calculate,success,166.58,500,19,,5.0,5.0,False
1774779283.505097,sess-0048-84b10f2e,plan_and_solve,SUCCESS,s1,calculate,success,202.53,500,20,,10.0,10.0,False
1774779283.707755,sess-0048-84b10f2e,plan_and_solve,SUCCESS,s2,web_fetch,success,376.93,500,20,,10.0,10.0,False
1774779284.084813,sess-0048-84b10f2e,plan_and_solve,SUCCESS,s3,web_fetch,success,324.03,500,20,,10.0,10.0,False
1774779284.408897,sess-0048-84b10f2e,plan_and_solve,SUCCESS,s4,web_fetch,success,326.91,500,20,,10.0,10.0,False
1774779284.736058,sess-0048-84b10f2e,plan_and_solve,SUCCESS,s5,calculate,success,135.14,500,20,,10.0,10.0,False
1774779284.871328,sess-0048-84b10f2e,plan_and_solve,SUCCESS,s6,mock_heavy,success,918.41,500,19,,10.0,10.0,False
1774779284.275099,sess-0057-5dd3fa04,plan_and_solve,SUCCESS,s1,mock_heavy,success,981.53,500,20,,7.0,7.0,False
1774779285.256839,sess-0057-5dd3fa04,plan_and_solve,SUCCESS,s2,web_fetch,success,265.55,500,20,,7.0,7.0,False
1774779285.522556,sess-0057-5dd3fa04,plan_and_solve,SUCCESS,s3,web_fetch,success,302.31,500,19,,7.0,7.0,False
1774779284.979399,sess-0064-af9b3126,plan_and_solve,SUCCESS,s1,calculate,success,198.65,500,20,,4.0,4.0,False
1774779285.178243,sess-0064-af9b3126,plan_and_solve,SUCCESS,s2,calculate,success,154.76,500,20,,4.0,4.0,False
1774779285.333194,sess-0064-af9b3126,plan_and_solve,SUCCESS,s3,web_fetch,success,255.57,500,20,,4.0,4.0,False
1774779285.588888,sess-0064-af9b3126,plan_and_solve,SUCCESS,s4,web_fetch,success,321.18,500,19,,4.0,4.0,False
1774779285.400863,sess-0070-3b91d482,plan_and_solve,SUCCESS,s1,web_fetch,success,341.20,500,20,,3.0,3.0,False
1774779285.742187,sess-0070-3b91d482,plan_and_solve,SUCCESS,s2,calculate,success,183.58,500,20,,3.0,3.0,False
1774779285.925895,sess-0070-3b91d482,plan_and_solve,SUCCESS,s3,calculate,success,209.68,500,19,,3.0,3.0,False
1774779284.461523,sess-0060-3d270f12,plan_and_solve,SUCCESS,s1,web_fetch,success,466.98,500,20,,6.0,6.0,False
1774779284.928663,sess-0060-3d270f12,plan_and_solve,SUCCESS,s2,calculate,success,199.48,500,20,,6.0,6.0,False
1774779285.128303,sess-0060-3d270f12,plan_and_solve,SUCCESS,s3,web_fetch,success,229.24,500,20,,6.0,6.0,False
1774779285.357655,sess-0060-3d270f12,plan_and_solve,SUCCESS,s4,web_fetch,success,331.33,500,20,,6.0,6.0,False
1774779285.689081,sess-0060-3d270f12,plan_and_solve,SUCCESS,s5,web_fetch,success,317.43,500,20,,6.0,6.0,False
1774779286.006570,sess-0060-3d270f12,plan_and_solve,SUCCESS,s6,calculate,success,145.85,500,19,,6.0,6.0,False
1774779284.629287,sess-0062-dd921d25,plan_and_solve,SUCCESS,s1,web_fetch,success,351.67,500,19,,7.0,7.0,False
1774779284.981076,sess-0062-dd921d25,plan_and_solve,SUCCESS,s2,calculate,success,211.32,500,20,,7.0,7.0,False
1774779285.192531,sess-0062-dd921d25,plan_and_solve,SUCCESS,s3,calculate,success,145.60,500,20,,7.0,7.0,False
1774779285.338216,sess-0062-dd921d25,plan_and_solve,SUCCESS,s4,web_fetch,success,266.07,500,20,,7.0,7.0,False
1774779285.604417,sess-0062-dd921d25,plan_and_solve,SUCCESS,s5,web_fetch,success,348.46,500,20,,7.0,7.0,False
1774779285.952996,sess-0062-dd921d25,plan_and_solve,SUCCESS,s6,calculate,success,180.91,500,20,,7.0,7.0,False
1774779286.134029,sess-0062-dd921d25,plan_and_solve,SUCCESS,s7,web_fetch,success,308.56,500,19,,7.0,7.0,False
1774779285.414359,sess-0071-2ea9029d,plan_and_solve,SUCCESS,s1,calculate,success,207.71,500,19,,5.0,5.0,False
1774779285.622243,sess-0071-2ea9029d,plan_and_solve,SUCCESS,s2,calculate,success,212.51,500,20,,5.0,5.0,False
1774779285.834884,sess-0071-2ea9029d,plan_and_solve,SUCCESS,s3,calculate,success,205.65,500,20,,5.0,5.0,False
1774779286.040667,sess-0071-2ea9029d,plan_and_solve,SUCCESS,s4,web_fetch,success,276.01,500,20,,5.0,5.0,False
1774779286.316813,sess-0071-2ea9029d,plan_and_solve,SUCCESS,s5,calculate,success,168.40,500,19,,5.0,5.0,False
1774779284.402092,sess-0058-a68a2a9f,plan_and_solve,SUCCESS,s1,web_fetch,success,271.07,500,20,,10.0,10.0,False
1774779284.673298,sess-0058-a68a2a9f,plan_and_solve,SUCCESS,s2,calculate,success,181.74,500,20,,10.0,10.0,False
1774779284.855170,sess-0058-a68a2a9f,plan_and_solve,SUCCESS,s3,web_fetch,success,282.72,500,20,,10.0,10.0,False
1774779285.138116,sess-0058-a68a2a9f,plan_and_solve,SUCCESS,s4,calculate,success,86.50,500,20,,10.0,10.0,False
1774779285.224742,sess-0058-a68a2a9f,plan_and_solve,SUCCESS,s5,mock_heavy,success,923.80,500,20,,10.0,10.0,False
1774779286.148675,sess-0058-a68a2a9f,plan_and_solve,SUCCESS,s6,web_fetch,success,349.34,500,19,,10.0,10.0,False
1774779284.967155,sess-0063-07f99fd5,plan_and_solve,SUCCESS,s1,calculate,success,192.53,500,20,,7.0,7.0,False
1774779285.159819,sess-0063-07f99fd5,plan_and_solve,SUCCESS,s2,calculate,success,150.52,500,20,,7.0,7.0,False
1774779285.310622,sess-0063-07f99fd5,plan_and_solve,SUCCESS,s3,calculate,success,90.95,500,19,,7.0,7.0,False
1774779285.401627,sess-0063-07f99fd5,plan_and_solve,SUCCESS,s4,calculate,success,204.08,500,20,,7.0,7.0,False
1774779285.605899,sess-0063-07f99fd5,plan_and_solve,SUCCESS,s5,web_fetch,success,348.87,500,20,,7.0,7.0,False
1774779285.954888,sess-0063-07f99fd5,plan_and_solve,SUCCESS,s6,web_fetch,success,346.87,500,20,,7.0,7.0,False
1774779286.301882,sess-0063-07f99fd5,plan_and_solve,SUCCESS,s7,web_fetch,success,316.71,500,19,,7.0,7.0,False
1774779284.261705,sess-0056-d515fa56,plan_and_solve,SUCCESS,s1,calculate,success,182.16,500,20,,11.0,11.0,False
1774779284.444046,sess-0056-d515fa56,plan_and_solve,SUCCESS,s2,web_fetch,success,525.71,500,20,,11.0,11.0,False
1774779284.969874,sess-0056-d515fa56,plan_and_solve,SUCCESS,s3,web_fetch,success,347.05,500,20,,11.0,11.0,False
1774779285.317044,sess-0056-d515fa56,plan_and_solve,SUCCESS,s4,mock_heavy,success,823.31,500,20,,11.0,11.0,False
1774779286.140500,sess-0056-d515fa56,plan_and_solve,SUCCESS,s5,calculate,success,193.22,500,20,,11.0,11.0,False
1774779286.333916,sess-0056-d515fa56,plan_and_solve,SUCCESS,s6,calculate,success,23.22,500,20,,11.0,11.0,False
1774779286.357254,sess-0056-d515fa56,plan_and_solve,SUCCESS,s7,web_fetch,success,324.65,500,19,,11.0,11.0,False
1774779285.326982,sess-0069-01886ebe,plan_and_solve,SUCCESS,s1,web_fetch,success,249.60,500,20,,7.0,7.0,False
1774779285.576713,sess-0069-01886ebe,plan_and_solve,SUCCESS,s2,web_fetch,success,325.29,500,20,,7.0,7.0,False
1774779285.902197,sess-0069-01886ebe,plan_and_solve,SUCCESS,s3,calculate,success,207.34,500,20,,7.0,7.0,False
1774779286.109764,sess-0069-01886ebe,plan_and_solve,SUCCESS,s4,calculate,success,113.65,500,20,,7.0,7.0,False
1774779286.223550,sess-0069-01886ebe,plan_and_solve,SUCCESS,s5,web_fetch,success,331.99,500,20,,7.0,7.0,False
1774779286.555662,sess-0069-01886ebe,plan_and_solve,SUCCESS,s6,calculate,success,145.99,500,20,,7.0,7.0,False
1774779286.701780,sess-0069-01886ebe,plan_and_solve,SUCCESS,s7,calculate,success,199.79,500,19,,7.0,7.0,False
1774779285.296381,sess-0067-35ab7389,plan_and_solve,SUCCESS,s1,calculate,success,77.61,500,20,,8.0,8.0,False
1774779285.374129,sess-0067-35ab7389,plan_and_solve,SUCCESS,s2,web_fetch,success,343.78,500,20,,8.0,8.0,False
1774779285.718036,sess-0067-35ab7389,plan_and_solve,SUCCESS,s3,web_fetch,success,305.66,500,20,,8.0,8.0,False
1774779286.023822,sess-0067-35ab7389,plan_and_solve,SUCCESS,s4,mock_heavy,success,937.20,500,19,,8.0,8.0,False
1774779285.236865,sess-0066-c3bb11c5,plan_and_solve,SUCCESS,s1,calculate,success,119.20,500,20,,8.0,8.0,False
1774779285.356199,sess-0066-c3bb11c5,plan_and_solve,SUCCESS,s2,web_fetch,success,300.24,500,20,,8.0,8.0,False
1774779285.656562,sess-0066-c3bb11c5,plan_and_solve,SUCCESS,s3,mock_heavy,success,997.04,500,20,,8.0,8.0,False
1774779286.653724,sess-0066-c3bb11c5,plan_and_solve,SUCCESS,s4,web_fetch,success,320.58,500,19,,8.0,8.0,False
1774779285.790130,sess-0077-abcc980a,plan_and_solve,SUCCESS,s1,web_fetch,success,303.28,500,20,,5.0,5.0,False
1774779286.093544,sess-0077-abcc980a,plan_and_solve,SUCCESS,s2,web_fetch,success,242.55,500,20,,5.0,5.0,False
1774779286.336217,sess-0077-abcc980a,plan_and_solve,SUCCESS,s3,calculate,success,178.24,500,20,,5.0,5.0,False
1774779286.514576,sess-0077-abcc980a,plan_and_solve,SUCCESS,s4,calculate,success,364.82,500,20,,5.0,5.0,False
1774779286.879520,sess-0077-abcc980a,plan_and_solve,SUCCESS,s5,web_fetch,success,174.50,500,19,,5.0,5.0,False
1774779285.735114,sess-0076-033c4efd,plan_and_solve,SUCCESS,s1,calculate,success,183.09,500,20,,5.0,5.0,False
1774779285.918331,sess-0076-033c4efd,plan_and_solve,SUCCESS,s2,web_fetch,success,359.94,500,20,,5.0,5.0,False
1774779286.278472,sess-0076-033c4efd,plan_and_solve,SUCCESS,s3,web_fetch,success,332.13,500,20,,5.0,5.0,False
1774779286.610745,sess-0076-033c4efd,plan_and_solve,SUCCESS,s4,web_fetch,success,174.65,500,20,,5.0,5.0,False
1774779286.785501,sess-0076-033c4efd,plan_and_solve,SUCCESS,s5,web_fetch,success,278.13,500,19,,5.0,5.0,False
1774779285.551285,sess-0073-8171a6c7,plan_and_solve,SUCCESS,s1,web_fetch,success,305.34,500,20,,6.0,6.0,False
1774779285.856751,sess-0073-8171a6c7,plan_and_solve,SUCCESS,s2,calculate,success,243.30,500,20,,6.0,6.0,False
1774779286.100180,sess-0073-8171a6c7,plan_and_solve,SUCCESS,s3,web_fetch,success,244.55,500,20,,6.0,6.0,False
1774779286.344849,sess-0073-8171a6c7,plan_and_solve,SUCCESS,s4,web_fetch,success,328.52,500,20,,6.0,6.0,False
1774779286.673479,sess-0073-8171a6c7,plan_and_solve,SUCCESS,s5,web_fetch,success,174.59,500,20,,6.0,6.0,False
1774779286.848208,sess-0073-8171a6c7,plan_and_solve,SUCCESS,s6,web_fetch,success,293.06,500,19,,6.0,6.0,False
1774779285.620727,sess-0074-0e6c22f3,plan_and_solve,SUCCESS,s1,calculate,success,197.72,500,20,,6.0,6.0,False
1774779285.818577,sess-0074-0e6c22f3,plan_and_solve,SUCCESS,s2,web_fetch,success,301.16,500,20,,6.0,6.0,False
1774779286.119794,sess-0074-0e6c22f3,plan_and_solve,SUCCESS,s3,web_fetch,success,268.31,500,20,,6.0,6.0,False
1774779286.388232,sess-0074-0e6c22f3,plan_and_solve,SUCCESS,s4,calculate,success,238.15,500,20,,6.0,6.0,False
1774779286.626516,sess-0074-0e6c22f3,plan_and_solve,SUCCESS,s5,web_fetch,success,326.31,500,20,,6.0,6.0,False
1774779286.952962,sess-0074-0e6c22f3,plan_and_solve,SUCCESS,s6,calculate,success,238.52,500,19,,6.0,6.0,False
1774779285.135499,sess-0065-08ff5b2e,plan_and_solve,SUCCESS,s1,calculate,success,72.32,500,20,,7.0,7.0,False
1774779285.208059,sess-0065-08ff5b2e,plan_and_solve,SUCCESS,s2,web_fetch,success,283.79,500,20,,7.0,7.0,False
1774779285.492099,sess-0065-08ff5b2e,plan_and_solve,SUCCESS,s3,web_fetch,success,312.13,500,20,,7.0,7.0,False
1774779285.804404,sess-0065-08ff5b2e,plan_and_solve,SUCCESS,s4,web_fetch,success,316.01,500,20,,7.0,7.0,False
1774779286.120485,sess-0065-08ff5b2e,plan_and_solve,SUCCESS,s5,web_fetch,success,314.45,500,20,,7.0,7.0,False
1774779286.435071,sess-0065-08ff5b2e,plan_and_solve,SUCCESS,s6,web_fetch,success,434.53,500,20,,7.0,7.0,False
1774779286.869722,sess-0065-08ff5b2e,plan_and_solve,SUCCESS,s7,web_fetch,success,351.69,500,19,,7.0,7.0,False
1774779285.307706,sess-0068-534a0945,plan_and_solve,SUCCESS,s1,calculate,success,80.04,500,20,,8.0,8.0,False
1774779285.387849,sess-0068-534a0945,plan_and_solve,SUCCESS,s2,mock_heavy,success,997.92,500,20,,8.0,8.0,False
1774779286.385900,sess-0068-534a0945,plan_and_solve,SUCCESS,s3,web_fetch,success,333.52,500,20,,8.0,8.0,False
1774779286.719584,sess-0068-534a0945,plan_and_solve,SUCCESS,s4,web_fetch,success,510.46,500,19,,8.0,8.0,False
1774779286.682295,sess-0086-cd8cab14,plan_and_solve,SUCCESS,s1,calculate,success,202.42,500,20,,3.0,3.0,False
1774779286.884838,sess-0086-cd8cab14,plan_and_solve,SUCCESS,s2,calculate,success,270.52,500,20,,3.0,3.0,False
1774779287.155530,sess-0086-cd8cab14,plan_and_solve,SUCCESS,s3,web_fetch,success,265.94,500,19,,3.0,3.0,False
1774779286.135889,sess-0080-e9ebbd0a,plan_and_solve,SUCCESS,s1,web_fetch,success,332.46,500,20,,5.0,5.0,False
1774779286.468474,sess-0080-e9ebbd0a,plan_and_solve,SUCCESS,s2,calculate,success,202.02,500,20,,5.0,5.0,False
1774779286.670611,sess-0080-e9ebbd0a,plan_and_solve,SUCCESS,s3,calculate,success,192.14,500,20,,5.0,5.0,False
1774779286.862882,sess-0080-e9ebbd0a,plan_and_solve,SUCCESS,s4,web_fetch,success,305.98,500,20,,5.0,5.0,False
1774779287.168998,sess-0080-e9ebbd0a,plan_and_solve,SUCCESS,s5,web_fetch,success,385.91,500,19,,5.0,5.0,False
1774779286.618982,sess-0085-2eec6d8d,plan_and_solve,SUCCESS,s1,web_fetch,success,268.33,500,20,,3.0,3.0,False
1774779286.887436,sess-0085-2eec6d8d,plan_and_solve,SUCCESS,s2,calculate,success,284.03,500,20,,3.0,3.0,False
1774779287.171584,sess-0085-2eec6d8d,plan_and_solve,SUCCESS,s3,web_fetch,success,414.34,500,19,,3.0,3.0,False
1774779285.637033,sess-0075-d5db09ea,plan_and_solve,SUCCESS,s1,calculate,success,204.06,500,20,,8.0,8.0,False
1774779285.841264,sess-0075-d5db09ea,plan_and_solve,SUCCESS,s2,web_fetch,success,365.31,500,20,,8.0,8.0,False
1774779286.206716,sess-0075-d5db09ea,plan_and_solve,SUCCESS,s3,mock_heavy,success,996.33,500,20,,8.0,8.0,False
1774779287.203175,sess-0075-d5db09ea,plan_and_solve,SUCCESS,s4,calculate,success,399.13,500,19,,8.0,8.0,False
1774779285.910459,sess-0079-f3210560,plan_and_solve,SUCCESS,s1,web_fetch,success,356.38,500,20,,6.0,6.0,False
1774779286.266976,sess-0079-f3210560,plan_and_solve,SUCCESS,s2,calculate,success,183.89,500,20,,6.0,6.0,False
1774779286.451002,sess-0079-f3210560,plan_and_solve,SUCCESS,s3,calculate,success,217.98,500,20,,6.0,6.0,False
1774779286.669112,sess-0079-f3210560,plan_and_solve,SUCCESS,s4,web_fetch,success,333.47,500,20,,6.0,6.0,False
1774779287.002709,sess-0079-f3210560,plan_and_solve,SUCCESS,s5,calculate,success,234.12,500,20,,6.0,6.0,False
1774779287.236955,sess-0079-f3210560,plan_and_solve,SUCCESS,s6,calculate,success,497.90,500,19,,6.0,6.0,False
1774779286.442905,sess-0082-b2ea4693,plan_and_solve,SUCCESS,s1,web_fetch,success,350.61,500,20,,7.0,7.0,False
1774779286.793653,sess-0082-b2ea4693,plan_and_solve,SUCCESS,s2,mock_heavy,success,924.53,500,20,,7.0,7.0,False
1774779287.718339,sess-0082-b2ea4693,plan_and_solve,SUCCESS,s3,calculate,success,198.30,500,19,,7.0,7.0,False
1774779285.424981,sess-0072-1e75b0d6,plan_and_solve,SUCCESS,s1,web_fetch,success,363.26,500,20,,11.0,11.0,False
1774779285.788378,sess-0072-1e75b0d6,plan_and_solve,SUCCESS,s2,web_fetch,success,295.10,500,20,,11.0,11.0,False
1774779286.083622,sess-0072-1e75b0d6,plan_and_solve,SUCCESS,s3,calculate,success,85.48,500,20,,11.0,11.0,False
1774779286.169289,sess-0072-1e75b0d6,plan_and_solve,SUCCESS,s4,web_fetch,success,482.69,500,20,,11.0,11.0,False
1774779286.652114,sess-0072-1e75b0d6,plan_and_solve,SUCCESS,s5,calculate,success,154.92,500,20,,11.0,11.0,False
1774779286.807169,sess-0072-1e75b0d6,plan_and_solve,SUCCESS,s6,mock_heavy,success,963.04,500,20,,11.0,11.0,False
1774779287.770350,sess-0072-1e75b0d6,plan_and_solve,SUCCESS,s7,web_fetch,success,174.45,500,19,,11.0,11.0,False
1774779286.974629,sess-0089-abbf2204,plan_and_solve,SUCCESS,s1,calculate,success,244.97,500,20,,3.0,3.0,False
1774779287.219726,sess-0089-abbf2204,plan_and_solve,SUCCESS,s2,calculate,success,397.21,500,20,,3.0,3.0,False
1774779287.617073,sess-0089-abbf2204,plan_and_solve,SUCCESS,s3,web_fetch,success,369.59,500,19,,3.0,3.0,False
1774779287.054344,sess-0090-ae3de910,plan_and_solve,SUCCESS,s1,web_fetch,success,335.56,500,20,,3.0,3.0,False
1774779287.390052,sess-0090-ae3de910,plan_and_solve,SUCCESS,s2,web_fetch,success,511.94,500,20,,3.0,3.0,False
1774779287.902132,sess-0090-ae3de910,plan_and_solve,SUCCESS,s3,web_fetch,success,293.35,500,19,,3.0,3.0,False
1774779286.485805,sess-0083-194ebe73,plan_and_solve,SUCCESS,s1,calculate,success,200.37,500,20,,9.0,9.0,False
1774779286.686298,sess-0083-194ebe73,plan_and_solve,SUCCESS,s2,calculate,success,209.75,500,20,,9.0,9.0,False
1774779286.896289,sess-0083-194ebe73,plan_and_solve,SUCCESS,s3,mock_heavy,success,1088.85,500,20,,9.0,9.0,False
1774779287.985301,sess-0083-194ebe73,plan_and_solve,SUCCESS,s4,calculate,success,110.33,500,20,,9.0,9.0,False
1774779288.095765,sess-0083-194ebe73,plan_and_solve,SUCCESS,s5,calculate,success,109.12,500,19,,9.0,9.0,False
1774779287.230382,sess-0095-52ae0b3e,plan_and_solve,SUCCESS,s1,web_fetch,success,586.65,500,20,,5.0,5.0,False
1774779287.817146,sess-0095-52ae0b3e,plan_and_solve,SUCCESS,s2,calculate,success,186.39,500,20,,5.0,5.0,False
1774779288.003660,sess-0095-52ae0b3e,plan_and_solve,SUCCESS,s3,calculate,success,125.06,500,20,,5.0,5.0,False
1774779288.128850,sess-0095-52ae0b3e,plan_and_solve,SUCCESS,s4,calculate,success,94.79,500,20,,5.0,5.0,False
1774779288.223753,sess-0095-52ae0b3e,plan_and_solve,SUCCESS,s5,web_fetch,success,420.80,500,19,,5.0,5.0,False
1774779287.064178,sess-0091-cb57efa0,plan_and_solve,SUCCESS,s1,mock_heavy,success,983.96,500,20,,7.0,7.0,False
1774779288.048311,sess-0091-cb57efa0,plan_and_solve,SUCCESS,s2,web_fetch,success,249.06,500,20,,7.0,7.0,False
1774779288.297482,sess-0091-cb57efa0,plan_and_solve,SUCCESS,s3,calculate,success,375.10,500,19,,7.0,7.0,False
1774779286.901944,sess-0087-7329546d,plan_and_solve,SUCCESS,s1,mock_heavy,success,1088.40,500,20,,7.0,7.0,False
1774779287.990465,sess-0087-7329546d,plan_and_solve,SUCCESS,s2,web_fetch,success,279.80,500,20,,7.0,7.0,False
1774779288.270400,sess-0087-7329546d,plan_and_solve,SUCCESS,s3,web_fetch,success,497.74,500,19,,7.0,7.0,False
1774779285.825227,sess-0078-2af67cb5,plan_and_solve,SUCCESS,s1,web_fetch,success,348.46,500,20,,11.0,11.0,False
1774779286.173819,sess-0078-2af67cb5,plan_and_solve,SUCCESS,s2,mock_heavy,success,1002.57,500,20,,11.0,11.0,False
1774779287.176516,sess-0078-2af67cb5,plan_and_solve,SUCCESS,s3,web_fetch,success,476.00,500,20,,11.0,11.0,False
1774779287.652676,sess-0078-2af67cb5,plan_and_solve,SUCCESS,s4,web_fetch,success,403.78,500,20,,11.0,11.0,False
1774779288.056583,sess-0078-2af67cb5,plan_and_solve,SUCCESS,s5,calculate,success,111.50,500,20,,11.0,11.0,False
1774779288.168212,sess-0078-2af67cb5,plan_and_solve,SUCCESS,s6,web_fetch,success,432.92,500,20,,11.0,11.0,False
1774779288.601277,sess-0078-2af67cb5,plan_and_solve,SUCCESS,s7,calculate,success,240.09,500,19,,11.0,11.0,False
1774779287.917017,sess-0101-539d8f12,plan_and_solve,SUCCESS,s1,calculate,success,147.48,500,20,,4.0,4.0,False
1774779288.064625,sess-0101-539d8f12,plan_and_solve,SUCCESS,s2,calculate,success,119.66,500,20,,4.0,4.0,False
1774779288.184406,sess-0101-539d8f12,plan_and_solve,SUCCESS,s3,web_fetch,success,251.50,500,20,,4.0,4.0,False
1774779288.436174,sess-0101-539d8f12,plan_and_solve,SUCCESS,s4,web_fetch,success,515.54,500,19,,4.0,4.0,False
1774779287.987047,sess-0103-fc277492,plan_and_solve,SUCCESS,s1,calculate,success,122.86,500,20,,5.0,5.0,False
1774779288.110035,sess-0103-fc277492,plan_and_solve,SUCCESS,s2,calculate,success,106.64,500,20,,5.0,5.0,False
1774779288.216870,sess-0103-fc277492,plan_and_solve,SUCCESS,s3,web_fetch,success,172.89,500,20,,5.0,5.0,False
1774779288.389894,sess-0103-fc277492,plan_and_solve,SUCCESS,s4,calculate,success,393.80,500,20,,5.0,5.0,False
1774779288.784031,sess-0103-fc277492,plan_and_solve,SUCCESS,s5,calculate,success,200.43,500,19,,5.0,5.0,False
1774779286.152563,sess-0081-d8a58cf4,plan_and_solve,SUCCESS,s1,web_fetch,success,352.42,500,20,,13.0,13.0,False
1774779286.505114,sess-0081-d8a58cf4,plan_and_solve,SUCCESS,s2,web_fetch,success,333.96,500,20,,13.0,13.0,False
1774779286.839220,sess-0081-d8a58cf4,plan_and_solve,SUCCESS,s3,mock_heavy,success,939.11,500,20,,13.0,13.0,False
1774779287.778464,sess-0081-d8a58cf4,plan_and_solve,SUCCESS,s4,web_fetch,success,373.13,500,20,,13.0,13.0,False
1774779288.151728,sess-0081-d8a58cf4,plan_and_solve,SUCCESS,s5,mock_heavy,success,889.47,500,19,,13.0,13.0,False
1774779287.421833,sess-0096-624cb04a,plan_and_solve,SUCCESS,s1,web_fetch,success,515.25,500,20,,6.0,6.0,False
1774779287.937271,sess-0096-624cb04a,plan_and_solve,SUCCESS,s2,calculate,success,134.99,500,20,,6.0,6.0,False
1774779288.072486,sess-0096-624cb04a,plan_and_solve,SUCCESS,s3,calculate,success,116.00,500,20,,6.0,6.0,False
1774779288.188610,sess-0096-624cb04a,plan_and_solve,SUCCESS,s4,calculate,success,120.47,500,20,,6.0,6.0,False
1774779288.309199,sess-0096-624cb04a,plan_and_solve,SUCCESS,s5,web_fetch,success,513.93,500,20,,6.0,6.0,False
1774779288.823257,sess-0096-624cb04a,plan_and_solve,SUCCESS,s6,web_fetch,success,352.26,500,19,,6.0,6.0,False
1774779287.141785,sess-0092-903f80f6,plan_and_solve,SUCCESS,s1,calculate,success,112.27,500,20,,7.0,7.0,False
1774779287.254293,sess-0092-903f80f6,plan_and_solve,SUCCESS,s2,web_fetch,success,634.55,500,20,,7.0,7.0,False
1774779287.889028,sess-0092-903f80f6,plan_and_solve,SUCCESS,s3,calculate,success,138.45,500,20,,7.0,7.0,False
1774779288.027602,sess-0092-903f80f6,plan_and_solve,SUCCESS,s4,web_fetch,success,268.12,500,20,,7.0,7.0,False
1774779288.295861,sess-0092-903f80f6,plan_and_solve,SUCCESS,s5,calculate,success,361.90,500,20,,7.0,7.0,False
1774779288.657879,sess-0092-903f80f6,plan_and_solve,SUCCESS,s6,web_fetch,success,363.22,500,20,,7.0,7.0,False
1774779289.021256,sess-0092-903f80f6,plan_and_solve,SUCCESS,s7,calculate,success,164.13,500,19,,7.0,7.0,False
1774779288.768581,sess-0108-0d17be5c,plan_and_solve,SUCCESS,s1,calculate,success,199.75,500,20,,3.0,3.0,False
1774779288.968502,sess-0108-0d17be5c,plan_and_solve,SUCCESS,s2,calculate,success,98.13,500,20,,3.0,3.0,False
1774779289.066749,sess-0108-0d17be5c,plan_and_solve,SUCCESS,s3,calculate,success,170.35,500,19,,3.0,3.0,False
1774779286.498370,sess-0084-ad50a76c,plan_and_solve,SUCCESS,s1,mock_heavy,success,986.60,500,20,,11.0,11.0,False
1774779287.485125,sess-0084-ad50a76c,plan_and_solve,SUCCESS,s2,web_fetch,success,627.91,500,20,,11.0,11.0,False
1774779288.113236,sess-0084-ad50a76c,plan_and_solve,SUCCESS,s3,calculate,success,108.42,500,20,,11.0,11.0,False
1774779288.221779,sess-0084-ad50a76c,plan_and_solve,SUCCESS,s4,calculate,success,265.99,500,20,,11.0,11.0,False
1774779288.487897,sess-0084-ad50a76c,plan_and_solve,SUCCESS,s5,web_fetch,success,499.22,500,20,,11.0,11.0,False
1774779288.987231,sess-0084-ad50a76c,plan_and_solve,SUCCESS,s6,calculate,success,98.22,500,20,,11.0,11.0,False
1774779289.085640,sess-0084-ad50a76c,plan_and_solve,SUCCESS,s7,calculate,success,167.97,500,19,,11.0,11.0,False
1774779289.041599,sess-0112-268d6915,plan_and_solve,SUCCESS,s1,calculate,success,23.46,500,20,,4.0,4.0,False
1774779289.065181,sess-0112-268d6915,plan_and_solve,SUCCESS,s2,calculate,success,156.77,500,20,,4.0,4.0,False
1774779289.222066,sess-0112-268d6915,plan_and_solve,SUCCESS,s3,calculate,success,163.20,500,20,,4.0,4.0,False
1774779289.385308,sess-0112-268d6915,plan_and_solve,SUCCESS,s4,web_fetch,success,530.67,500,19,,4.0,4.0,False
1774779287.735229,sess-0100-44958042,plan_and_solve,SUCCESS,s1,web_fetch,success,368.78,500,20,,10.0,10.0,False
1774779288.104133,sess-0100-44958042,plan_and_solve,SUCCESS,s2,calculate,success,107.30,500,20,,10.0,10.0,False
1774779288.211559,sess-0100-44958042,plan_and_solve,SUCCESS,s3,mock_heavy,success,994.78,500,20,,10.0,10.0,False
1774779289.206438,sess-0100-44958042,plan_and_solve,SUCCESS,s4,calculate,success,157.70,500,20,,10.0,10.0,False
1774779289.364187,sess-0100-44958042,plan_and_solve,SUCCESS,s5,web_fetch,success,388.06,500,20,,10.0,10.0,False
1774779289.752410,sess-0100-44958042,plan_and_solve,SUCCESS,s6,calculate,success,196.49,500,19,,10.0,10.0,False
1774779287.555328,sess-0097-e39a405e,plan_and_solve,SUCCESS,s1,calculate,success,246.15,500,20,,10.0,10.0,False
1774779287.801617,sess-0097-e39a405e,plan_and_solve,SUCCESS,s2,mock_heavy,success,1002.25,500,20,,10.0,10.0,False
1774779288.804027,sess-0097-e39a405e,plan_and_solve,SUCCESS,s3,calculate,success,199.70,500,20,,10.0,10.0,False
1774779289.003858,sess-0097-e39a405e,plan_and_solve,SUCCESS,s4,web_fetch,success,241.05,500,20,,10.0,10.0,False
1774779289.245031,sess-0097-e39a405e,plan_and_solve,SUCCESS,s5,calculate,success,156.58,500,20,,10.0,10.0,False
1774779289.401680,sess-0097-e39a405e,plan_and_solve,SUCCESS,s6,web_fetch,success,560.44,500,19,,10.0,10.0,False
1774779288.984817,sess-0111-106bddac,plan_and_solve,SUCCESS,s1,calculate,success,94.28,500,20,,4.0,4.0,False
1774779289.079225,sess-0111-106bddac,plan_and_solve,SUCCESS,s2,web_fetch,success,309.91,500,20,,4.0,4.0,False
1774779289.389179,sess-0111-106bddac,plan_and_solve,SUCCESS,s3,calculate,success,409.71,500,20,,4.0,4.0,False
1774779289.799023,sess-0111-106bddac,plan_and_solve,SUCCESS,s4,calculate,success,177.89,500,19,,4.0,4.0,False
1774779287.945239,sess-0102-5cae40a6,plan_and_solve,SUCCESS,s1,web_fetch,success,285.41,500,20,,7.0,7.0,False
1774779288.230777,sess-0102-5cae40a6,plan_and_solve,SUCCESS,s2,web_fetch,success,424.43,500,20,,7.0,7.0,False
1774779288.655338,sess-0102-5cae40a6,plan_and_solve,SUCCESS,s3,calculate,success,198.46,500,20,,7.0,7.0,False
1774779288.853926,sess-0102-5cae40a6,plan_and_solve,SUCCESS,s4,web_fetch,success,348.57,500,20,,7.0,7.0,False
1774779289.202620,sess-0102-5cae40a6,plan_and_solve,SUCCESS,s5,calculate,success,147.03,500,20,,7.0,7.0,False
1774779289.349699,sess-0102-5cae40a6,plan_and_solve,SUCCESS,s6,calculate,success,238.92,500,20,,7.0,7.0,False
1774779289.588797,sess-0102-5cae40a6,plan_and_solve,SUCCESS,s7,web_fetch,success,446.74,500,19,,7.0,7.0,False
1774779286.961452,sess-0088-2b9517be,plan_and_solve,SUCCESS,s1,mock_heavy,success,1048.21,500,20,,14.0,14.0,False
1774779288.009782,sess-0088-2b9517be,plan_and_solve,SUCCESS,s2,calculate,success,120.44,500,20,,14.0,14.0,False
1774779288.130339,sess-0088-2b9517be,plan_and_solve,SUCCESS,s3,mock_heavy,success,902.83,500,20,,14.0,14.0,False
1774779289.033302,sess-0088-2b9517be,plan_and_solve,SUCCESS,s4,web_fetch,success,304.92,500,20,,14.0,14.0,False
1774779289.338354,sess-0088-2b9517be,plan_and_solve,SUCCESS,s5,web_fetch,success,362.17,500,20,,14.0,14.0,False
1774779289.700661,sess-0088-2b9517be,plan_and_solve,SUCCESS,s6,web_fetch,success,366.82,500,19,,14.0,14.0,False
1774779287.221730,sess-0094-99d8e9d8,plan_and_solve,SUCCESS,s1,web_fetch,success,563.47,500,20,,12.0,12.0,False
1774779287.785335,sess-0094-99d8e9d8,plan_and_solve,SUCCESS,s2,mock_heavy,success,1017.00,500,20,,12.0,12.0,False
1774779288.802463,sess-0094-99d8e9d8,plan_and_solve,SUCCESS,s3,mock_heavy,success,997.98,500,20,,12.0,12.0,False
1774779289.800573,sess-0094-99d8e9d8,plan_and_solve,SUCCESS,s4,web_fetch,success,345.49,500,19,,12.0,12.0,False
1774779287.586351,sess-0098-f806a4cd,plan_and_solve,SUCCESS,s1,calculate,success,231.97,500,20,,10.0,10.0,False
1774779287.818398,sess-0098-f806a4cd,plan_and_solve,SUCCESS,s2,web_fetch,success,353.09,500,20,,10.0,10.0,False
1774779288.171614,sess-0098-f806a4cd,plan_and_solve,SUCCESS,s3,mock_heavy,success,877.94,500,20,,10.0,10.0,False
1774779289.049674,sess-0098-f806a4cd,plan_and_solve,SUCCESS,s4,web_fetch,success,319.28,500,20,,10.0,10.0,False
1774779289.368993,sess-0098-f806a4cd,plan_and_solve,SUCCESS,s5,web_fetch,success,497.50,500,20,,10.0,10.0,False
1774779289.866623,sess-0098-f806a4cd,plan_and_solve,SUCCESS,s6,web_fetch,success,348.93,500,19,,10.0,10.0,False
1774779288.195888,sess-0104-54adf2ba,plan_and_solve,SUCCESS,s1,calculate,success,115.55,500,20,,10.0,10.0,False
1774779288.311677,sess-0104-54adf2ba,plan_and_solve,SUCCESS,s2,web_fetch,success,527.93,500,20,,10.0,10.0,False
1774779288.839733,sess-0104-54adf2ba,plan_and_solve,SUCCESS,s3,calculate,success,195.20,500,20,,10.0,10.0,False
1774779289.035046,sess-0104-54adf2ba,plan_and_solve,SUCCESS,s4,calculate,success,164.31,500,20,,10.0,10.0,False
1774779289.199485,sess-0104-54adf2ba,plan_and_solve,SUCCESS,s5,mock_heavy,success,890.66,500,20,,10.0,10.0,False
1774779290.090266,sess-0104-54adf2ba,plan_and_solve,SUCCESS,s6,calculate,success,145.07,500,19,,10.0,10.0,False
1774779288.952226,sess-0110-011841e1,plan_and_solve,SUCCESS,s1,web_fetch,success,415.08,500,20,,4.0,4.0,False
1774779289.367344,sess-0110-011841e1,plan_and_solve,SUCCESS,s2,web_fetch,success,414.70,500,20,,4.0,4.0,False
1774779289.782124,sess-0110-011841e1,plan_and_solve,SUCCESS,s3,web_fetch,success,333.99,500,20,,4.0,4.0,False
1774779290.116235,sess-0110-011841e1,plan_and_solve,SUCCESS,s4,calculate,success,127.05,500,19,,4.0,4.0,False
1774779287.192041,sess-0093-03c02bcb,plan_and_solve,SUCCESS,s1,web_fetch,success,529.05,500,20,,11.0,11.0,False
1774779287.721216,sess-0093-03c02bcb,plan_and_solve,SUCCESS,s2,web_fetch,success,362.42,500,20,,11.0,11.0,False
1774779288.083760,sess-0093-03c02bcb,plan_and_solve,SUCCESS,s3,calculate,success,118.48,500,20,,11.0,11.0,False
1774779288.202360,sess-0093-03c02bcb,plan_and_solve,SUCCESS,s4,web_fetch,success,271.89,500,20,,11.0,11.0,False
1774779288.474392,sess-0093-03c02bcb,plan_and_solve,SUCCESS,s5,mock_heavy,success,1143.26,500,20,,11.0,11.0,False
1774779289.617787,sess-0093-03c02bcb,plan_and_solve,SUCCESS,s6,web_fetch,success,433.06,500,20,,11.0,11.0,False
1774779290.050973,sess-0093-03c02bcb,plan_and_solve,SUCCESS,s7,web_fetch,success,258.13,500,19,,11.0,11.0,False
1774779289.185849,sess-0114-a32c7b89,plan_and_solve,SUCCESS,s1,calculate,success,92.11,500,20,,6.0,6.0,False
1774779289.278047,sess-0114-a32c7b89,plan_and_solve,SUCCESS,s2,web_fetch,success,294.02,500,20,,6.0,6.0,False
1774779289.572215,sess-0114-a32c7b89,plan_and_solve,SUCCESS,s3,calculate,success,310.17,500,20,,6.0,6.0,False
1774779289.882513,sess-0114-a32c7b89,plan_and_solve,SUCCESS,s4,calculate,success,200.92,500,20,,6.0,6.0,False
1774779290.083550,sess-0114-a32c7b89,plan_and_solve,SUCCESS,s5,calculate,success,149.15,500,20,,6.0,6.0,False
1774779290.232871,sess-0114-a32c7b89,plan_and_solve,SUCCESS,s6,web_fetch,success,176.50,500,19,,6.0,6.0,False
1774779288.205114,sess-0105-91908cb7,plan_and_solve,SUCCESS,s1,web_fetch,success,271.20,500,20,,9.0,9.0,False
1774779288.476444,sess-0105-91908cb7,plan_and_solve,SUCCESS,s2,calculate,success,344.00,500,20,,9.0,9.0,False
1774779288.820573,sess-0105-91908cb7,plan_and_solve,SUCCESS,s3,web_fetch,success,348.15,500,20,,9.0,9.0,False
1774779289.168814,sess-0105-91908cb7,plan_and_solve,SUCCESS,s4,mock_heavy,success,1027.70,500,20,,9.0,9.0,False
1774779290.196640,sess-0105-91908cb7,plan_and_solve,SUCCESS,s5,web_fetch,success,232.45,500,19,,9.0,9.0,False
1774779288.841799,sess-0109-bfb313ec,plan_and_solve,SUCCESS,s1,calculate,success,209.17,500,20,,7.0,7.0,False
1774779289.051088,sess-0109-bfb313ec,plan_and_solve,SUCCESS,s2,calculate,success,169.53,500,20,,7.0,7.0,False
1774779289.220740,sess-0109-bfb313ec,plan_and_solve,SUCCESS,s3,calculate,success,159.38,500,20,,7.0,7.0,False
1774779289.380162,sess-0109-bfb313ec,plan_and_solve,SUCCESS,s4,web_fetch,success,488.02,500,20,,7.0,7.0,False
1774779289.868341,sess-0109-bfb313ec,plan_and_solve,SUCCESS,s5,web_fetch,success,353.63,500,20,,7.0,7.0,False
1774779290.222092,sess-0109-bfb313ec,plan_and_solve,SUCCESS,s6,calculate,success,25.57,500,20,,7.0,7.0,False
1774779290.247817,sess-0109-bfb313ec,plan_and_solve,SUCCESS,s7,web_fetch,success,329.88,500,19,,7.0,7.0,False
1774779287.602711,sess-0099-884be3db,plan_and_solve,SUCCESS,s1,web_fetch,success,380.90,500,20,,14.0,14.0,False
1774779287.983752,sess-0099-884be3db,plan_and_solve,SUCCESS,s2,mock_heavy,success,899.34,500,20,,14.0,14.0,False
1774779288.883283,sess-0099-884be3db,plan_and_solve,SUCCESS,s3,web_fetch,success,328.15,500,20,,14.0,14.0,False
1774779289.211553,sess-0099-884be3db,plan_and_solve,SUCCESS,s4,web_fetch,success,321.57,500,20,,14.0,14.0,False
1774779289.533282,sess-0099-884be3db,plan_and_solve,SUCCESS,s5,mock_heavy,success,1100.52,500,20,,14.0,14.0,False
1774779290.633933,sess-0099-884be3db,plan_and_solve,SUCCESS,s6,web_fetch,success,413.92,500,19,,14.0,14.0,False
1774779289.977285,sess-0120-6d4e89bb,plan_and_solve,SUCCESS,s1,calculate,success,163.46,500,20,,4.0,4.0,False
1774779290.140869,sess-0120-6d4e89bb,plan_and_solve,SUCCESS,s2,web_fetch,success,258.41,500,20,,4.0,4.0,False
1774779290.399408,sess-0120-6d4e89bb,plan_and_solve,SUCCESS,s3,web_fetch,success,340.67,500,20,,4.0,4.0,False
1774779290.740208,sess-0120-6d4e89bb,plan_and_solve,SUCCESS,s4,web_fetch,success,348.13,500,19,,4.0,4.0,False
1774779288.673004,sess-0107-7dad5c81,plan_and_solve,SUCCESS,s1,mock_heavy,success,1029.14,500,20,,11.0,11.0,False
1774779289.702266,sess-0107-7dad5c81,plan_and_solve,SUCCESS,s2,calculate,success,229.83,500,20,,11.0,11.0,False
1774779289.932227,sess-0107-7dad5c81,plan_and_solve,SUCCESS,s3,calculate,success,175.32,500,20,,11.0,11.0,False
1774779290.107674,sess-0107-7dad5c81,plan_and_solve,SUCCESS,s4,web_fetch,success,280.80,500,20,,11.0,11.0,False
1774779290.388619,sess-0107-7dad5c81,plan_and_solve,SUCCESS,s5,web_fetch,success,349.67,500,20,,11.0,11.0,False
1774779290.738439,sess-0107-7dad5c81,plan_and_solve,SUCCESS,s6,calculate,success,194.97,500,20,,11.0,11.0,False
1774779290.933533,sess-0107-7dad5c81,plan_and_solve,SUCCESS,s7,web_fetch,success,172.65,500,19,,11.0,11.0,False
1774779289.176072,sess-0113-780abf86,plan_and_solve,SUCCESS,s1,mock_heavy,success,894.50,500,20,,10.0,10.0,False
1774779290.070694,sess-0113-780abf86,plan_and_solve,SUCCESS,s2,calculate,success,143.26,500,20,,10.0,10.0,False
1774779290.214080,sess-0113-780abf86,plan_and_solve,SUCCESS,s3,calculate,success,104.98,500,20,,10.0,10.0,False
1774779290.319196,sess-0113-780abf86,plan_and_solve,SUCCESS,s4,calculate,success,196.23,500,20,,10.0,10.0,False
1774779290.515547,sess-0113-780abf86,plan_and_solve,SUCCESS,s5,web_fetch,success,388.75,500,20,,10.0,10.0,False
1774779290.904424,sess-0113-780abf86,plan_and_solve,SUCCESS,s6,calculate,success,204.57,500,19,,10.0,10.0,False
1774779290.216031,sess-0124-a6288025,plan_and_solve,SUCCESS,s1,calculate,success,115.18,500,20,,5.0,5.0,False
1774779290.331345,sess-0124-a6288025,plan_and_solve,SUCCESS,s2,web_fetch,success,175.95,500,20,,5.0,5.0,False
1774779290.507495,sess-0124-a6288025,plan_and_solve,SUCCESS,s3,web_fetch,success,174.51,500,20,,5.0,5.0,False
1774779290.682129,sess-0124-a6288025,plan_and_solve,SUCCESS,s4,calculate,success,241.39,500,20,,5.0,5.0,False
1774779290.923643,sess-0124-a6288025,plan_and_solve,SUCCESS,s5,web_fetch,success,349.00,500,19,,5.0,5.0,False
1774779290.243694,sess-0126-fbcce51e,plan_and_solve,SUCCESS,s1,web_fetch,success,329.39,500,20,,4.0,4.0,False
1774779290.573210,sess-0126-fbcce51e,plan_and_solve,SUCCESS,s2,web_fetch,success,343.10,500,20,,4.0,4.0,False
1774779290.916430,sess-0126-fbcce51e,plan_and_solve,SUCCESS,s3,calculate,success,26.10,500,20,,4.0,4.0,False
1774779290.942722,sess-0126-fbcce51e,plan_and_solve,SUCCESS,s4,web_fetch,success,496.41,500,19,,4.0,4.0,False
1774779288.645038,sess-0106-95f8fd32,plan_and_solve,SUCCESS,s1,web_fetch,success,362.49,500,20,,11.0,11.0,False
1774779289.007647,sess-0106-95f8fd32,plan_and_solve,SUCCESS,s2,mock_heavy,success,894.76,500,20,,11.0,11.0,False
1774779289.902527,sess-0106-95f8fd32,plan_and_solve,SUCCESS,s3,web_fetch,success,339.39,500,20,,11.0,11.0,False
1774779290.242044,sess-0106-95f8fd32,plan_and_solve,SUCCESS,s4,web_fetch,success,328.25,500,20,,11.0,11.0,False
1774779290.570435,sess-0106-95f8fd32,plan_and_solve,SUCCESS,s5,calculate,success,179.79,500,20,,11.0,11.0,False
1774779290.750353,sess-0106-95f8fd32,plan_and_solve,SUCCESS,s6,web_fetch,success,339.84,500,19,,11.0,11.0,False
1774779291.090316,sess-0106-95f8fd32,plan_and_solve,SUCCESS,s7,web_fetch,success,471.16,500,19,,11.0,11.0,False
1774779290.409683,sess-0128-228549ea,plan_and_solve,SUCCESS,s1,calculate,success,184.23,500,20,,4.0,4.0,False
1774779290.594035,sess-0128-228549ea,plan_and_solve,SUCCESS,s2,calculate,success,269.12,500,20,,4.0,4.0,False
1774779290.863283,sess-0128-228549ea,plan_and_solve,SUCCESS,s3,web_fetch,success,557.78,500,20,,4.0,4.0,False
1774779291.421184,sess-0128-228549ea,plan_and_solve,SUCCESS,s4,calculate,success,186.44,500,19,,4.0,4.0,False
1774779289.254022,sess-0116-629469e8,plan_and_solve,SUCCESS,s1,calculate,success,150.66,500,20,,11.0,11.0,False
1774779289.404741,sess-0116-629469e8,plan_and_solve,SUCCESS,s2,calculate,success,410.92,500,20,,11.0,11.0,False
1774779289.815790,sess-0116-629469e8,plan_and_solve,SUCCESS,s3,calculate,success,236.53,500,20,,11.0,11.0,False
1774779290.052432,sess-0116-629469e8,plan_and_solve,SUCCESS,s4,calculate,success,121.60,500,20,,11.0,11.0,False
1774779290.174159,sess-0116-629469e8,plan_and_solve,SUCCESS,s5,calculate,success,89.10,500,20,,11.0,11.0,False
1774779290.263386,sess-0116-629469e8,plan_and_solve,SUCCESS,s6,web_fetch,success,321.88,500,20,,11.0,11.0,False
1774779290.585388,sess-0116-629469e8,plan_and_solve,SUCCESS,s7,mock_heavy,success,1071.78,500,19,,11.0,11.0,False
1774779290.578101,sess-0130-31589855,plan_and_solve,SUCCESS,s1,web_fetch,success,351.53,500,20,,3.0,3.0,False
1774779290.929823,sess-0130-31589855,plan_and_solve,SUCCESS,s2,web_fetch,success,447.19,500,20,,3.0,3.0,False
1774779291.377159,sess-0130-31589855,plan_and_solve,SUCCESS,s3,web_fetch,success,344.36,500,19,,3.0,3.0,False
1774779290.067888,sess-0122-5831cdc4,plan_and_solve,SUCCESS,s1,web_fetch,success,271.03,500,20,,5.0,5.0,False
1774779290.339042,sess-0122-5831cdc4,plan_and_solve,SUCCESS,s2,web_fetch,success,509.75,500,20,,5.0,5.0,False
1774779290.848971,sess-0122-5831cdc4,plan_and_solve,SUCCESS,s3,web_fetch,success,252.23,500,20,,5.0,5.0,False
1774779291.101324,sess-0122-5831cdc4,plan_and_solve,SUCCESS,s4,calculate,success,324.53,500,20,,5.0,5.0,False
1774779291.425974,sess-0122-5831cdc4,plan_and_solve,SUCCESS,s5,web_fetch,success,338.49,500,19,,5.0,5.0,False
1774779290.309743,sess-0127-2383dd25,plan_and_solve,SUCCESS,s1,web_fetch,success,286.39,500,20,,6.0,6.0,False
1774779290.596269,sess-0127-2383dd25,plan_and_solve,SUCCESS,s2,calculate,success,283.13,500,20,,6.0,6.0,False
1774779290.879559,sess-0127-2383dd25,plan_and_solve,SUCCESS,s3,web_fetch,success,333.80,500,20,,6.0,6.0,False
1774779291.213499,sess-0127-2383dd25,plan_and_solve,SUCCESS,s4,calculate,success,235.60,500,20,,6.0,6.0,False
1774779291.449266,sess-0127-2383dd25,plan_and_solve,SUCCESS,s5,calculate,success,183.36,500,20,,6.0,6.0,False
1774779291.632750,sess-0127-2383dd25,plan_and_solve,SUCCESS,s6,calculate,success,155.55,500,19,,6.0,6.0,False
1774779289.237474,sess-0115-3a3a0be8,plan_and_solve,SUCCESS,s1,calculate,success,23.83,500,20,,13.0,13.0,False
1774779289.261425,sess-0115-3a3a0be8,plan_and_solve,SUCCESS,s2,mock_heavy,success,962.49,500,20,,13.0,13.0,False
1774779290.224245,sess-0115-3a3a0be8,plan_and_solve,SUCCESS,s3,web_fetch,success,615.49,500,20,,13.0,13.0,False
1774779290.839879,sess-0115-3a3a0be8,plan_and_solve,SUCCESS,s4,mock_heavy,success,913.70,500,20,,13.0,13.0,False
1774779291.753711,sess-0115-3a3a0be8,plan_and_solve,SUCCESS,s5,calculate,success,80.46,500,19,,13.0,13.0,False
1774779289.949235,sess-0118-7b3402bc,plan_and_solve,SUCCESS,s1,calculate,success,174.42,500,20,,9.0,9.0,False
1774779290.123775,sess-0118-7b3402bc,plan_and_solve,SUCCESS,s2,web_fetch,success,375.02,500,20,,9.0,9.0,False
1774779290.498932,sess-0118-7b3402bc,plan_and_solve,SUCCESS,s3,web_fetch,success,174.92,500,20,,9.0,9.0,False
1774779290.673981,sess-0118-7b3402bc,plan_and_solve,SUCCESS,s4,calculate,success,244.00,500,20,,9.0,9.0,False
1774779290.918096,sess-0118-7b3402bc,plan_and_solve,SUCCESS,s5,mock_heavy,success,1002.96,500,19,,9.0,9.0,False
1774779290.235786,sess-0125-4b00850f,plan_and_solve,SUCCESS,s1,calculate,success,181.15,500,20,,9.0,9.0,False
1774779290.417061,sess-0125-4b00850f,plan_and_solve,SUCCESS,s2,mock_heavy,success,996.46,500,20,,9.0,9.0,False
1774779291.413647,sess-0125-4b00850f,plan_and_solve,SUCCESS,s3,web_fetch,success,173.98,500,20,,9.0,9.0,False
1774779291.587758,sess-0125-4b00850f,plan_and_solve,SUCCESS,s4,calculate,success,167.61,500,20,,9.0,9.0,False
1774779291.755487,sess-0125-4b00850f,plan_and_solve,SUCCESS,s5,web_fetch,success,172.75,500,19,,9.0,9.0,False
1774779289.962497,sess-0119-88cdc25a,plan_and_solve,SUCCESS,s1,mock_heavy,success,973.59,500,20,,8.0,8.0,False
1774779290.936213,sess-0119-88cdc25a,plan_and_solve,SUCCESS,s2,web_fetch,success,497.10,500,20,,8.0,8.0,False
1774779291.433435,sess-0119-88cdc25a,plan_and_solve,SUCCESS,s3,web_fetch,success,339.62,500,20,,8.0,8.0,False
1774779291.773176,sess-0119-88cdc25a,plan_and_solve,SUCCESS,s4,web_fetch,success,324.94,500,19,,8.0,8.0,False
1774779290.429386,sess-0129-24298b40,plan_and_solve,SUCCESS,s1,mock_heavy,success,1021.32,500,20,,7.0,7.0,False
1774779291.450863,sess-0129-24298b40,plan_and_solve,SUCCESS,s2,web_fetch,success,338.52,500,20,,7.0,7.0,False
1774779291.789437,sess-0129-24298b40,plan_and_solve,SUCCESS,s3,web_fetch,success,320.74,500,19,,7.0,7.0,False
1774779289.916308,sess-0117-3432d187,plan_and_solve,SUCCESS,s1,mock_heavy,success,984.94,500,20,,10.0,10.0,False
1774779290.901380,sess-0117-3432d187,plan_and_solve,SUCCESS,s2,web_fetch,success,351.19,500,20,,10.0,10.0,False
1774779291.252745,sess-0117-3432d187,plan_and_solve,SUCCESS,s3,web_fetch,success,353.48,500,20,,10.0,10.0,False
1774779291.606327,sess-0117-3432d187,plan_and_solve,SUCCESS,s4,web_fetch,success,312.81,500,20,,10.0,10.0,False
1774779291.919525,sess-0117-3432d187,plan_and_solve,SUCCESS,s5,calculate,success,61.40,500,20,,10.0,10.0,False
1774779291.980985,sess-0117-3432d187,plan_and_solve,SUCCESS,s6,web_fetch,success,311.16,500,19,,10.0,10.0,False
1774779291.088788,sess-0132-227e7b84,plan_and_solve,SUCCESS,s1,web_fetch,success,465.08,500,20,,5.0,5.0,False
1774779291.554019,sess-0132-227e7b84,plan_and_solve,SUCCESS,s2,web_fetch,success,244.64,500,20,,5.0,5.0,False
1774779291.798774,sess-0132-227e7b84,plan_and_solve,SUCCESS,s3,calculate,success,167.13,500,20,,5.0,5.0,False
1774779291.965974,sess-0132-227e7b84,plan_and_solve,SUCCESS,s4,calculate,success,161.23,500,20,,5.0,5.0,False
1774779292.127326,sess-0132-227e7b84,plan_and_solve,SUCCESS,s5,calculate,success,181.08,500,19,,5.0,5.0,False
1774779291.109413,sess-0134-b9750eba,plan_and_solve,SUCCESS,s1,web_fetch,success,487.06,500,20,,5.0,5.0,False
1774779291.596590,sess-0134-b9750eba,plan_and_solve,SUCCESS,s2,calculate,success,172.86,500,20,,5.0,5.0,False
1774779291.769562,sess-0134-b9750eba,plan_and_solve,SUCCESS,s3,calculate,success,172.90,500,20,,5.0,5.0,False
1774779291.942550,sess-0134-b9750eba,plan_and_solve,SUCCESS,s4,web_fetch,success,227.37,500,20,,5.0,5.0,False
1774779292.170037,sess-0134-b9750eba,plan_and_solve,SUCCESS,s5,web_fetch,success,174.97,500,19,,5.0,5.0,False
1774779291.607969,sess-0138-5ec34976,plan_and_solve,SUCCESS,s1,web_fetch,success,393.42,500,20,,3.0,3.0,False
1774779292.001509,sess-0138-5ec34976,plan_and_solve,SUCCESS,s2,web_fetch,success,334.23,500,20,,3.0,3.0,False
1774779292.335875,sess-0138-5ec34976,plan_and_solve,SUCCESS,s3,web_fetch,success,175.04,500,19,,3.0,3.0,False
1774779291.273065,sess-0135-811c0768,plan_and_solve,SUCCESS,s1,web_fetch,success,345.36,500,20,,5.0,5.0,False
1774779291.618547,sess-0135-811c0768,plan_and_solve,SUCCESS,s2,web_fetch,success,310.95,500,19,,5.0,5.0,False
1774779291.929581,sess-0135-811c0768,plan_and_solve,SUCCESS,s3,calculate,success,64.46,500,20,,5.0,5.0,False
1774779291.994167,sess-0135-811c0768,plan_and_solve,SUCCESS,s4,calculate,success,183.56,500,20,,5.0,5.0,False
1774779292.177814,sess-0135-811c0768,plan_and_solve,SUCCESS,s5,web_fetch,success,343.97,500,19,,5.0,5.0,False
1774779290.036114,sess-0121-0d9a2b14,plan_and_solve,SUCCESS,s1,calculate,success,121.19,500,20,,10.0,10.0,False
1774779290.157406,sess-0121-0d9a2b14,plan_and_solve,SUCCESS,s2,web_fetch,success,255.33,500,20,,10.0,10.0,False
1774779290.412858,sess-0121-0d9a2b14,plan_and_solve,SUCCESS,s3,web_fetch,success,345.63,500,20,,10.0,10.0,False
1774779290.758613,sess-0121-0d9a2b14,plan_and_solve,SUCCESS,s4,web_fetch,success,509.89,500,20,,10.0,10.0,False
1774779291.268646,sess-0121-0d9a2b14,plan_and_solve,SUCCESS,s5,mock_heavy,success,996.90,500,20,,10.0,10.0,False
1774779292.265756,sess-0121-0d9a2b14,plan_and_solve,SUCCESS,s6,web_fetch,success,348.82,500,19,,10.0,10.0,False
1774779291.048483,sess-0131-cf747021,plan_and_solve,SUCCESS,s1,calculate,success,347.04,500,20,,7.0,7.0,False
1774779291.395659,sess-0131-cf747021,plan_and_solve,SUCCESS,s2,calculate,success,196.73,500,20,,7.0,7.0,False
1774779291.592510,sess-0131-cf747021,plan_and_solve,SUCCESS,s3,calculate,success,173.75,500,19,,7.0,7.0,False
1774779291.766359,sess-0131-cf747021,plan_and_solve,SUCCESS,s4,calculate,success,220.71,500,20,,7.0,7.0,False
1774779291.987247,sess-0131-cf747021,plan_and_solve,SUCCESS,s5,calculate,success,181.09,500,20,,7.0,7.0,False
1774779292.168461,sess-0131-cf747021,plan_and_solve,SUCCESS,s6,calculate,success,188.61,500,20,,7.0,7.0,False
1774779292.357192,sess-0131-cf747021,plan_and_solve,SUCCESS,s7,web_fetch,success,331.50,500,19,,7.0,7.0,False
1774779291.928565,sess-0145-c0ef5745,plan_and_solve,SUCCESS,s1,web_fetch,success,215.56,500,20,,4.0,4.0,False
1774779292.144254,sess-0145-c0ef5745,plan_and_solve,SUCCESS,s2,calculate,success,181.11,500,20,,4.0,4.0,False
1774779292.325504,sess-0145-c0ef5745,plan_and_solve,SUCCESS,s3,web_fetch,success,336.68,500,20,,4.0,4.0,False
1774779292.662360,sess-0145-c0ef5745,plan_and_solve,SUCCESS,s4,web_fetch,success,178.41,500,19,,4.0,4.0,False
1774779290.146406,sess-0123-1c097a76,plan_and_solve,SUCCESS,s1,calculate,success,259.67,500,20,,14.0,14.0,False
1774779290.406246,sess-0123-1c097a76,plan_and_solve,SUCCESS,s2,mock_heavy,success,982.81,500,20,,14.0,14.0,False
1774779291.389186,sess-0123-1c097a76,plan_and_solve,SUCCESS,s3,calculate,success,186.10,500,20,,14.0,14.0,False
1774779291.575416,sess-0123-1c097a76,plan_and_solve,SUCCESS,s4,calculate,success,162.76,500,20,,14.0,14.0,False
1774779291.738403,sess-0123-1c097a76,plan_and_solve,SUCCESS,s5,web_fetch,success,226.49,500,20,,14.0,14.0,False
1774779291.964956,sess-0123-1c097a76,plan_and_solve,SUCCESS,s6,mock_heavy,success,949.81,500,19,,14.0,14.0,False
1774779292.308859,sess-0149-6cde9e2c,plan_and_solve,SUCCESS,s1,calculate,success,189.80,500,20,,5.0,5.0,False
1774779292.498789,sess-0149-6cde9e2c,plan_and_solve,SUCCESS,s2,calculate,success,155.66,500,20,,5.0,5.0,False
1774779292.654572,sess-0149-6cde9e2c,plan_and_solve,SUCCESS,s3,calculate,success,156.79,500,20,,5.0,5.0,False
1774779292.811494,sess-0149-6cde9e2c,plan_and_solve,SUCCESS,s4,calculate,success,201.54,500,20,,5.0,5.0,False
1774779293.013148,sess-0149-6cde9e2c,plan_and_solve,SUCCESS,s5,calculate,success,156.50,500,19,,5.0,5.0,False
1774779291.834510,sess-0143-b0a6dd04,plan_and_solve,SUCCESS,s1,calculate,success,147.80,500,20,,6.0,6.0,False
1774779291.982424,sess-0143-b0a6dd04,plan_and_solve,SUCCESS,s2,calculate,success,176.83,500,20,,6.0,6.0,False
1774779292.159380,sess-0143-b0a6dd04,plan_and_solve,SUCCESS,s3,web_fetch,success,345.45,500,20,,6.0,6.0,False
1774779292.504955,sess-0143-b0a6dd04,plan_and_solve,SUCCESS,s4,calculate,success,168.28,500,20,,6.0,6.0,False
1774779292.673359,sess-0143-b0a6dd04,plan_and_solve,SUCCESS,s5,calculate,success,175.83,500,20,,6.0,6.0,False
1774779292.849337,sess-0143-b0a6dd04,plan_and_solve,SUCCESS,s6,web_fetch,success,343.91,500,19,,6.0,6.0,False
1774779292.345361,sess-0150-2d55c6be,plan_and_solve,SUCCESS,s1,calculate,success,182.48,500,20,,4.0,4.0,False
1774779292.528120,sess-0150-2d55c6be,plan_and_solve,SUCCESS,s2,web_fetch,success,311.07,500,20,,4.0,4.0,False
1774779292.839315,sess-0150-2d55c6be,plan_and_solve,SUCCESS,s3,calculate,success,190.09,500,20,,4.0,4.0,False
1774779293.029526,sess-0150-2d55c6be,plan_and_solve,SUCCESS,s4,web_fetch,success,174.10,500,19,,4.0,4.0,False
1774779292.511234,sess-0151-0ca8b1de,plan_and_solve,SUCCESS,s1,calculate,success,169.46,500,20,,3.0,3.0,False
1774779292.680817,sess-0151-0ca8b1de,plan_and_solve,SUCCESS,s2,web_fetch,success,333.57,500,20,,3.0,3.0,False
1774779293.014487,sess-0151-0ca8b1de,plan_and_solve,SUCCESS,s3,web_fetch,success,316.11,500,19,,3.0,3.0,False
1774779291.921326,sess-0144-d5a127fe,plan_and_solve,SUCCESS,s1,web_fetch,success,174.76,500,20,,5.0,5.0,False
1774779292.096236,sess-0144-d5a127fe,plan_and_solve,SUCCESS,s2,web_fetch,success,246.07,500,20,,5.0,5.0,False
1774779292.342439,sess-0144-d5a127fe,plan_and_solve,SUCCESS,s3,web_fetch,success,332.45,500,20,,5.0,5.0,False
1774779292.675012,sess-0144-d5a127fe,plan_and_solve,SUCCESS,s4,calculate,success,179.52,500,20,,5.0,5.0,False
1774779292.854648,sess-0144-d5a127fe,plan_and_solve,SUCCESS,s5,web_fetch,success,505.73,500,19,,5.0,5.0,False
1774779291.721865,sess-0140-521681e6,plan_and_solve,SUCCESS,s1,web_fetch,success,233.15,500,20,,9.0,9.0,False
1774779291.955078,sess-0140-521681e6,plan_and_solve,SUCCESS,s2,calculate,success,157.22,500,19,,9.0,9.0,False
1774779292.112416,sess-0140-521681e6,plan_and_solve,SUCCESS,s3,web_fetch,success,336.43,500,20,,9.0,9.0,False
1774779292.448962,sess-0140-521681e6,plan_and_solve,SUCCESS,s4,calculate,success,174.56,500,20,,9.0,9.0,False
1774779292.623648,sess-0140-521681e6,plan_and_solve,SUCCESS,s5,mock_heavy,success,888.35,500,19,,9.0,9.0,False
1774779292.522111,sess-0152-6877c9a4,plan_and_solve,SUCCESS,s1,web_fetch,success,310.75,500,20,,4.0,4.0,False
1774779292.833072,sess-0152-6877c9a4,plan_and_solve,SUCCESS,s2,calculate,success,191.13,500,20,,4.0,4.0,False
1774779293.024324,sess-0152-6877c9a4,plan_and_solve,SUCCESS,s3,web_fetch,success,321.70,500,20,,4.0,4.0,False
1774779293.346164,sess-0152-6877c9a4,plan_and_solve,SUCCESS,s4,calculate,success,183.47,500,19,,4.0,4.0,False
1774779291.765019,sess-0141-11ed6b61,plan_and_solve,SUCCESS,s1,calculate,success,165.45,500,19,,7.0,7.0,False
1774779291.930575,sess-0141-11ed6b61,plan_and_solve,SUCCESS,s2,web_fetch,success,221.16,500,20,,7.0,7.0,False
1774779292.151864,sess-0141-11ed6b61,plan_and_solve,SUCCESS,s3,web_fetch,success,342.34,500,20,,7.0,7.0,False
1774779292.494323,sess-0141-11ed6b61,plan_and_solve,SUCCESS,s4,web_fetch,success,300.73,500,20,,7.0,7.0,False
1774779292.795129,sess-0141-11ed6b61,plan_and_solve,SUCCESS,s5,web_fetch,success,359.30,500,20,,7.0,7.0,False
1774779293.154553,sess-0141-11ed6b61,plan_and_solve,SUCCESS,s6,calculate,success,232.50,500,20,,7.0,7.0,False
1774779293.387243,sess-0141-11ed6b61,plan_and_solve,SUCCESS,s7,calculate,success,159.44,500,19,,7.0,7.0,False
1774779292.110513,sess-0147-a670d275,plan_and_solve,SUCCESS,s1,web_fetch,success,319.53,500,20,,6.0,6.0,False
1774779292.430181,sess-0147-a670d275,plan_and_solve,SUCCESS,s2,web_fetch,success,264.49,500,20,,6.0,6.0,False
1774779292.694845,sess-0147-a670d275,plan_and_solve,SUCCESS,s3,web_fetch,success,327.56,500,20,,6.0,6.0,False
1774779293.022599,sess-0147-a670d275,plan_and_solve,SUCCESS,s4,calculate,success,158.62,500,20,,6.0,6.0,False
1774779293.181337,sess-0147-a670d275,plan_and_solve,SUCCESS,s5,calculate,success,238.71,500,20,,6.0,6.0,False
1774779293.420179,sess-0147-a670d275,plan_and_solve,SUCCESS,s6,calculate,success,142.26,500,19,,6.0,6.0,False
1774779291.439543,sess-0136-0af818f2,plan_and_solve,SUCCESS,s1,calculate,success,183.95,500,20,,10.0,10.0,False
1774779291.623623,sess-0136-0af818f2,plan_and_solve,SUCCESS,s2,mock_heavy,success,962.97,500,20,,10.0,10.0,False
1774779292.586733,sess-0136-0af818f2,plan_and_solve,SUCCESS,s3,web_fetch,success,393.33,500,20,,10.0,10.0,False
1774779292.980211,sess-0136-0af818f2,plan_and_solve,SUCCESS,s4,calculate,success,132.58,500,20,,10.0,10.0,False
1774779293.112997,sess-0136-0af818f2,plan_and_solve,SUCCESS,s5,web_fetch,success,400.97,500,19,,10.0,10.0,False
1774779293.514153,sess-0136-0af818f2,plan_and_solve,SUCCESS,s6,calculate,success,114.17,500,19,,10.0,10.0,False
1774779292.098588,sess-0146-a1a744a0,plan_and_solve,SUCCESS,s1,web_fetch,success,566.46,500,20,,5.0,5.0,False
1774779292.665170,sess-0146-a1a744a0,plan_and_solve,SUCCESS,s2,web_fetch,success,330.94,500,20,,5.0,5.0,False
1774779292.996272,sess-0146-a1a744a0,plan_and_solve,SUCCESS,s3,calculate,success,166.58,500,20,,5.0,5.0,False
1774779293.162965,sess-0146-a1a744a0,plan_and_solve,SUCCESS,s4,web_fetch,success,382.17,500,20,,5.0,5.0,False
1774779293.545328,sess-0146-a1a744a0,plan_and_solve,SUCCESS,s5,calculate,success,169.41,500,19,,5.0,5.0,False
1774779291.106551,sess-0133-f4885919,plan_and_solve,SUCCESS,s1,web_fetch,success,649.97,500,20,,11.0,11.0,False
1774779291.756624,sess-0133-f4885919,plan_and_solve,SUCCESS,s2,calculate,success,178.79,500,20,,11.0,11.0,False
1774779291.935496,sess-0133-f4885919,plan_and_solve,SUCCESS,s3,calculate,success,75.64,500,20,,11.0,11.0,False
1774779292.011263,sess-0133-f4885919,plan_and_solve,SUCCESS,s4,mock_heavy,success,976.09,500,20,,11.0,11.0,False
1774779292.987487,sess-0133-f4885919,plan_and_solve,SUCCESS,s5,web_fetch,success,293.11,500,20,,11.0,11.0,False
1774779293.280751,sess-0133-f4885919,plan_and_solve,SUCCESS,s6,calculate,success,234.84,500,20,,11.0,11.0,False
1774779293.515702,sess-0133-f4885919,plan_and_solve,SUCCESS,s7,web_fetch,success,278.95,500,19,,11.0,11.0,False
1774779291.561826,sess-0137-cac3e780,plan_and_solve,SUCCESS,s1,web_fetch,success,261.07,500,20,,11.0,11.0,False
1774779291.823000,sess-0137-cac3e780,plan_and_solve,SUCCESS,s2,calculate,success,148.42,500,20,,11.0,11.0,False
1774779291.971483,sess-0137-cac3e780,plan_and_solve,SUCCESS,s3,web_fetch,success,308.86,500,20,,11.0,11.0,False
1774779292.280472,sess-0137-cac3e780,plan_and_solve,SUCCESS,s4,calculate,success,184.50,500,20,,11.0,11.0,False
1774779292.465136,sess-0137-cac3e780,plan_and_solve,SUCCESS,s5,calculate,success,165.65,500,20,,11.0,11.0,False
1774779292.630906,sess-0137-cac3e780,plan_and_solve,SUCCESS,s6,mock_heavy,success,891.40,500,20,,11.0,11.0,False
1774779293.522381,sess-0137-cac3e780,plan_and_solve,SUCCESS,s7,web_fetch,success,307.82,500,19,,11.0,11.0,False
1774779292.915116,sess-0156-3ae43303,plan_and_solve,SUCCESS,s1,calculate,success,183.36,500,20,,4.0,4.0,False
1774779293.098615,sess-0156-3ae43303,plan_and_solve,SUCCESS,s2,web_fetch,success,398.85,500,20,,4.0,4.0,False
1774779293.497601,sess-0156-3ae43303,plan_and_solve,SUCCESS,s3,web_fetch,success,238.64,500,20,,4.0,4.0,False
1774779293.736401,sess-0156-3ae43303,plan_and_solve,SUCCESS,s4,web_fetch,success,308.06,500,19,,4.0,4.0,False
1774779292.292684,sess-0148-7c26e61b,plan_and_solve,SUCCESS,s1,calculate,success,188.87,500,20,,9.0,9.0,False
1774779292.481679,sess-0148-7c26e61b,plan_and_solve,SUCCESS,s2,calculate,success,158.07,500,20,,9.0,9.0,False
1774779292.640018,sess-0148-7c26e61b,plan_and_solve,SUCCESS,s3,mock_heavy,success,929.55,500,20,,9.0,9.0,False
1774779293.569738,sess-0148-7c26e61b,plan_and_solve,SUCCESS,s4,web_fetch,success,310.03,500,20,,9.0,9.0,False
1774779293.879902,sess-0148-7c26e61b,plan_and_solve,SUCCESS,s5,calculate,success,218.06,500,19,,9.0,9.0,False
1774779293.547030,sess-0164-03e20241,plan_and_solve,SUCCESS,s1,calculate,success,176.67,500,20,,3.0,3.0,False
1774779293.723832,sess-0164-03e20241,plan_and_solve,SUCCESS,s2,calculate,success,170.48,500,20,,3.0,3.0,False
1774779293.894436,sess-0164-03e20241,plan_and_solve,SUCCESS,s3,calculate,success,206.45,500,19,,3.0,3.0,False
1774779293.512535,sess-0162-5817960a,plan_and_solve,SUCCESS,s1,web_fetch,success,236.59,500,20,,3.0,3.0,False
1774779293.749251,sess-0162-5817960a,plan_and_solve,SUCCESS,s2,web_fetch,success,332.14,500,20,,3.0,3.0,False
1774779294.081520,sess-0162-5817960a,plan_and_solve,SUCCESS,s3,calculate,success,184.28,500,19,,3.0,3.0,False
1774779292.841082,sess-0155-6a3f68e9,plan_and_solve,SUCCESS,s1,calculate,success,196.05,500,20,,5.0,5.0,False
1774779293.037259,sess-0155-6a3f68e9,plan_and_solve,SUCCESS,s2,web_fetch,success,333.01,500,20,,5.0,5.0,False
1774779293.370387,sess-0155-6a3f68e9,plan_and_solve,SUCCESS,s3,web_fetch,success,319.69,500,20,,5.0,5.0,False
1774779293.690198,sess-0155-6a3f68e9,plan_and_solve,SUCCESS,s4,web_fetch,success,232.96,500,20,,5.0,5.0,False
1774779293.923280,sess-0155-6a3f68e9,plan_and_solve,SUCCESS,s5,web_fetch,success,346.04,500,19,,5.0,5.0,False
1774779291.788437,sess-0142-f142d62f,plan_and_solve,SUCCESS,s1,calculate,success,161.26,500,20,,11.0,11.0,False
1774779291.949843,sess-0142-f142d62f,plan_and_solve,SUCCESS,s2,web_fetch,success,228.85,500,20,,11.0,11.0,False
1774779292.178776,sess-0142-f142d62f,plan_and_solve,SUCCESS,s3,calculate,success,268.23,500,20,,11.0,11.0,False
1774779292.447147,sess-0142-f142d62f,plan_and_solve,SUCCESS,s4,web_fetch,success,303.88,500,20,,11.0,11.0,False
1774779292.751166,sess-0142-f142d62f,plan_and_solve,SUCCESS,s5,web_fetch,success,395.56,500,20,,11.0,11.0,False
1774779293.146900,sess-0142-f142d62f,plan_and_solve,SUCCESS,s6,calculate,success,231.05,500,20,,11.0,11.0,False
1774779293.378075,sess-0142-f142d62f,plan_and_solve,SUCCESS,s7,mock_heavy,success,967.80,500,19,,11.0,11.0,False
1774779292.689010,sess-0154-ee436121,plan_and_solve,SUCCESS,s1,mock_heavy,success,976.68,500,20,,8.0,8.0,False
1774779293.665825,sess-0154-ee436121,plan_and_solve,SUCCESS,s2,web_fetch,success,250.77,500,20,,8.0,8.0,False
1774779293.916716,sess-0154-ee436121,plan_and_solve,SUCCESS,s3,web_fetch,success,334.90,500,20,,8.0,8.0,False
1774779294.251755,sess-0154-ee436121,plan_and_solve,SUCCESS,s4,calculate,success,227.01,500,19,,8.0,8.0,False
1774779292.614923,sess-0153-73f123fb,plan_and_solve,SUCCESS,s1,calculate,success,90.90,500,20,,9.0,9.0,False
1774779292.705997,sess-0153-73f123fb,plan_and_solve,SUCCESS,s2,web_fetch,success,376.03,500,20,,9.0,9.0,False
1774779293.082162,sess-0153-73f123fb,plan_and_solve,SUCCESS,s3,web_fetch,success,364.93,500,20,,9.0,9.0,False
1774779293.447221,sess-0153-73f123fb,plan_and_solve,SUCCESS,s4,mock_heavy,success,933.19,500,20,,9.0,9.0,False
1774779294.380488,sess-0153-73f123fb,plan_and_solve,SUCCESS,s5,calculate,success,166.90,500,19,,9.0,9.0,False
1774779293.562771,sess-0165-eaf0359a,plan_and_solve,SUCCESS,s1,web_fetch,success,315.53,500,20,,3.0,3.0,False
1774779293.878417,sess-0165-eaf0359a,plan_and_solve,SUCCESS,s2,web_fetch,success,348.14,500,20,,3.0,3.0,False
1774779294.226687,sess-0165-eaf0359a,plan_and_solve,SUCCESS,s3,web_fetch,success,354.08,500,19,,3.0,3.0,False
1774779291.657587,sess-0139-f7ad0d9f,plan_and_solve,SUCCESS,s1,mock_heavy,success,949.64,500,20,,14.0,14.0,False
1774779292.607417,sess-0139-f7ad0d9f,plan_and_solve,SUCCESS,s2,web_fetch,success,239.47,500,20,,14.0,14.0,False
1774779292.847005,sess-0139-f7ad0d9f,plan_and_solve,SUCCESS,s3,mock_heavy,success,992.35,500,20,,14.0,14.0,False
1774779293.839497,sess-0139-f7ad0d9f,plan_and_solve,SUCCESS,s4,web_fetch,success,352.25,500,20,,14.0,14.0,False
1774779294.191885,sess-0139-f7ad0d9f,plan_and_solve,SUCCESS,s5,calculate,success,221.59,500,20,,14.0,14.0,False
1774779294.413655,sess-0139-f7ad0d9f,plan_and_solve,SUCCESS,s6,calculate,success,168.89,500,18,,14.0,14.0,False
1774779293.715054,sess-0167-0c0e7aa4,plan_and_solve,SUCCESS,s1,web_fetch,success,295.08,500,20,,3.0,3.0,False
1774779294.010332,sess-0167-0c0e7aa4,plan_and_solve,SUCCESS,s2,web_fetch,success,286.63,500,20,,3.0,3.0,False
1774779294.297084,sess-0167-0c0e7aa4,plan_and_solve,SUCCESS,s3,web_fetch,success,379.77,500,19,,3.0,3.0,False
1774779293.204089,sess-0159-8925ee1b,plan_and_solve,SUCCESS,s1,web_fetch,success,409.60,500,20,,6.0,6.0,False
1774779293.613817,sess-0159-8925ee1b,plan_and_solve,SUCCESS,s2,calculate,success,140.10,500,20,,6.0,6.0,False
1774779293.754038,sess-0159-8925ee1b,plan_and_solve,SUCCESS,s3,web_fetch,success,332.65,500,20,,6.0,6.0,False
1774779294.086866,sess-0159-8925ee1b,plan_and_solve,SUCCESS,s4,web_fetch,success,343.18,500,20,,6.0,6.0,False
1774779294.430176,sess-0159-8925ee1b,plan_and_solve,SUCCESS,s5,calculate,success,169.90,500,20,,6.0,6.0,False
1774779294.600303,sess-0159-8925ee1b,plan_and_solve,SUCCESS,s6,calculate,success,192.68,500,19,,6.0,6.0,False
1774779294.098277,sess-0171-4adfad0e,plan_and_solve,SUCCESS,s1,web_fetch,success,363.79,500,20,,3.0,3.0,False
1774779294.462277,sess-0171-4adfad0e,plan_and_solve,SUCCESS,s2,calculate,success,139.38,500,20,,3.0,3.0,False
1774779294.601772,sess-0171-4adfad0e,plan_and_solve,SUCCESS,s3,calculate,success,196.16,500,19,,3.0,3.0,False
1774779294.044845,sess-0170-3c1b6b1b,plan_and_solve,SUCCESS,s1,calculate,success,197.87,500,20,,4.0,4.0,False
1774779294.242892,sess-0170-3c1b6b1b,plan_and_solve,SUCCESS,s2,web_fetch,success,355.67,500,20,,4.0,4.0,False
1774779294.598682,sess-0170-3c1b6b1b,plan_and_solve,SUCCESS,s3,calculate,success,180.90,500,20,,4.0,4.0,False
1774779294.779711,sess-0170-3c1b6b1b,plan_and_solve,SUCCESS,s4,calculate,success,113.15,500,19,,4.0,4.0,False
1774779293.360733,sess-0161-49823fd9,plan_and_solve,SUCCESS,s1,web_fetch,success,320.82,500,20,,6.0,6.0,False
1774779293.681682,sess-0161-49823fd9,plan_and_solve,SUCCESS,s2,web_fetch,success,239.02,500,20,,6.0,6.0,False
1774779293.920821,sess-0161-49823fd9,plan_and_solve,SUCCESS,s3,calculate,success,191.68,500,20,,6.0,6.0,False
1774779294.112624,sess-0161-49823fd9,plan_and_solve,SUCCESS,s4,web_fetch,success,412.39,500,20,,6.0,6.0,False
1774779294.525134,sess-0161-49823fd9,plan_and_solve,SUCCESS,s5,web_fetch,success,296.45,500,20,,6.0,6.0,False
1774779294.821702,sess-0161-49823fd9,plan_and_solve,SUCCESS,s6,calculate,success,185.66,500,19,,6.0,6.0,False
1774779293.193575,sess-0158-d8af59cd,plan_and_solve,SUCCESS,s1,web_fetch,success,394.45,500,20,,8.0,8.0,False
1774779293.588157,sess-0158-d8af59cd,plan_and_solve,SUCCESS,s2,calculate,success,152.76,500,20,,8.0,8.0,False
1774779293.740986,sess-0158-d8af59cd,plan_and_solve,SUCCESS,s3,web_fetch,success,320.92,500,20,,8.0,8.0,False
1774779294.062070,sess-0158-d8af59cd,plan_and_solve,SUCCESS,s4,mock_heavy,success,999.40,500,19,,8.0,8.0,False
1774779293.331067,sess-0160-255b7f89,plan_and_solve,SUCCESS,s1,calculate,success,196.19,500,20,,9.0,9.0,False
1774779293.527382,sess-0160-255b7f89,plan_and_solve,SUCCESS,s2,calculate,success,169.56,500,20,,9.0,9.0,False
1774779293.697076,sess-0160-255b7f89,plan_and_solve,SUCCESS,s3,web_fetch,success,266.01,500,20,,9.0,9.0,False
1774779293.963304,sess-0160-255b7f89,plan_and_solve,SUCCESS,s4,mock_heavy,success,966.29,500,20,,9.0,9.0,False
1774779294.929729,sess-0160-255b7f89,plan_and_solve,SUCCESS,s5,calculate,success,160.46,500,19,,9.0,9.0,False
1774779293.794817,sess-0168-e237ef01,plan_and_solve,SUCCESS,s1,web_fetch,success,335.30,500,20,,6.0,6.0,False
1774779294.130244,sess-0168-e237ef01,plan_and_solve,SUCCESS,s2,calculate,success,266.74,500,20,,6.0,6.0,False
1774779294.397190,sess-0168-e237ef01,plan_and_solve,SUCCESS,s3,calculate,success,166.96,500,20,,6.0,6.0,False
1774779294.564272,sess-0168-e237ef01,plan_and_solve,SUCCESS,s4,calculate,success,161.82,500,20,,6.0,6.0,False
1774779294.726273,sess-0168-e237ef01,plan_and_solve,SUCCESS,s5,web_fetch,success,257.03,500,20,,6.0,6.0,False
1774779294.983424,sess-0168-e237ef01,plan_and_solve,SUCCESS,s6,calculate,success,178.48,500,19,,6.0,6.0,False
1774779293.529980,sess-0163-5e4feb9e,plan_and_solve,SUCCESS,s1,calculate,success,177.03,500,20,,9.0,9.0,False
1774779293.707139,sess-0163-5e4feb9e,plan_and_solve,SUCCESS,s2,calculate,success,134.49,500,20,,9.0,9.0,False
1774779293.841803,sess-0163-5e4feb9e,plan_and_solve,SUCCESS,s3,mock_heavy,success,1020.24,500,20,,9.0,9.0,False
1774779294.862166,sess-0163-5e4feb9e,plan_and_solve,SUCCESS,s4,calculate,success,162.28,500,20,,9.0,9.0,False
1774779295.024609,sess-0163-5e4feb9e,plan_and_solve,SUCCESS,s5,calculate,success,156.77,500,19,,9.0,9.0,False
1774779294.581131,sess-0178-dfef79bb,plan_and_solve,SUCCESS,s1,web_fetch,success,310.19,500,20,,3.0,3.0,False
1774779294.891447,sess-0178-dfef79bb,plan_and_solve,SUCCESS,s2,calculate,success,182.68,500,20,,3.0,3.0,False
1774779295.074290,sess-0178-dfef79bb,plan_and_solve,SUCCESS,s3,calculate,success,196.66,500,19,,3.0,3.0,False
1774779294.547698,sess-0177-7da840a6,plan_and_solve,SUCCESS,s1,calculate,success,161.58,500,20,,3.0,3.0,False
1774779294.709410,sess-0177-7da840a6,plan_and_solve,SUCCESS,s2,web_fetch,success,271.50,500,20,,3.0,3.0,False
1774779294.981034,sess-0177-7da840a6,plan_and_solve,SUCCESS,s3,web_fetch,success,309.09,500,19,,3.0,3.0,False
1774779294.266131,sess-0173-1a0a9e3c,plan_and_solve,SUCCESS,s1,calculate,success,226.56,500,20,,5.0,5.0,False
1774779294.492817,sess-0173-1a0a9e3c,plan_and_solve,SUCCESS,s2,calculate,success,122.49,500,20,,5.0,5.0,False
1774779294.615431,sess-0173-1a0a9e3c,plan_and_solve,SUCCESS,s3,calculate,success,184.35,500,19,,5.0,5.0,False
1774779294.800009,sess-0173-1a0a9e3c,plan_and_solve,SUCCESS,s4,web_fetch,success,325.40,500,20,,5.0,5.0,False
1774779295.125534,sess-0173-1a0a9e3c,plan_and_solve,SUCCESS,s5,calculate,success,180.83,500,19,,5.0,5.0,False
1774779293.628709,sess-0166-115733d2,plan_and_solve,SUCCESS,s1,calculate,success,128.31,500,20,,8.0,8.0,False
1774779293.757134,sess-0166-115733d2,plan_and_solve,SUCCESS,s2,web_fetch,success,331.59,500,20,,8.0,8.0,False
1774779294.088840,sess-0166-115733d2,plan_and_solve,SUCCESS,s3,mock_heavy,success,998.82,500,20,,8.0,8.0,False
1774779295.087783,sess-0166-115733d2,plan_and_solve,SUCCESS,s4,web_fetch,success,334.20,500,19,,8.0,8.0,False
1774779294.677192,sess-0180-34b1895f,plan_and_solve,SUCCESS,s1,calculate,success,136.26,500,20,,3.0,3.0,False
1774779294.813569,sess-0180-34b1895f,plan_and_solve,SUCCESS,s2,web_fetch,success,332.14,500,20,,3.0,3.0,False
1774779295.145841,sess-0180-34b1895f,plan_and_solve,SUCCESS,s3,web_fetch,success,325.78,500,19,,3.0,3.0,False
1774779294.793337,sess-0181-9da4ed49,plan_and_solve,SUCCESS,s1,calculate,success,150.58,500,20,,3.0,3.0,False
1774779294.944207,sess-0181-9da4ed49,plan_and_solve,SUCCESS,s2,web_fetch,success,310.51,500,20,,3.0,3.0,False
1774779295.254841,sess-0181-9da4ed49,plan_and_solve,SUCCESS,s3,calculate,success,230.95,500,19,,3.0,3.0,False
1774779293.169974,sess-0157-39f42abe,plan_and_solve,SUCCESS,s1,calculate,success,233.76,500,20,,12.0,12.0,False
1774779293.403868,sess-0157-39f42abe,plan_and_solve,SUCCESS,s2,web_fetch,success,309.49,500,20,,12.0,12.0,False
1774779293.713528,sess-0157-39f42abe,plan_and_solve,SUCCESS,s3,mock_heavy,success,941.74,500,20,,12.0,12.0,False
1774779294.655401,sess-0157-39f42abe,plan_and_solve,SUCCESS,s4,mock_heavy,success,957.43,500,19,,12.0,12.0,False
1774779294.101203,sess-0172-c4744bbf,plan_and_solve,SUCCESS,s1,web_fetch,success,414.48,500,20,,5.0,5.0,False
1774779294.515814,sess-0172-c4744bbf,plan_and_solve,SUCCESS,s2,web_fetch,success,266.91,500,20,,5.0,5.0,False
1774779294.782836,sess-0172-c4744bbf,plan_and_solve,SUCCESS,s3,web_fetch,success,276.95,500,20,,5.0,5.0,False
1774779295.060091,sess-0172-c4744bbf,plan_and_solve,SUCCESS,s4,web_fetch,success,285.70,500,20,,5.0,5.0,False
1774779295.345978,sess-0172-c4744bbf,plan_and_solve,SUCCESS,s5,web_fetch,success,410.37,500,19,,5.0,5.0,False
1774779294.893210,sess-0183-e313c27b,plan_and_solve,SUCCESS,s1,web_fetch,success,335.03,500,20,,4.0,4.0,False
1774779295.228375,sess-0183-e313c27b,plan_and_solve,SUCCESS,s2,web_fetch,success,376.77,500,20,,4.0,4.0,False
1774779295.605274,sess-0183-e313c27b,plan_and_solve,SUCCESS,s3,calculate,success,275.72,500,20,,4.0,4.0,False
1774779295.881110,sess-0183-e313c27b,plan_and_solve,SUCCESS,s4,calculate,success,177.02,500,19,,4.0,4.0,False
1774779295.162258,sess-0187-2f2f7350,plan_and_solve,SUCCESS,s1,web_fetch,success,349.86,500,20,,3.0,3.0,False
1774779295.512237,sess-0187-2f2f7350,plan_and_solve,SUCCESS,s2,web_fetch,success,473.12,500,20,,3.0,3.0,False
1774779295.985562,sess-0187-2f2f7350,plan_and_solve,SUCCESS,s3,calculate,success,99.41,500,19,,3.0,3.0,False
1774779295.290432,sess-0190-d832735d,plan_and_solve,SUCCESS,s1,calculate,success,237.94,500,20,,3.0,3.0,False
1774779295.528481,sess-0190-d832735d,plan_and_solve,SUCCESS,s2,web_fetch,success,481.86,500,20,,3.0,3.0,False
1774779296.010523,sess-0190-d832735d,plan_and_solve,SUCCESS,s3,calculate,success,91.18,500,19,,3.0,3.0,False
1774779294.582856,sess-0179-c19c9b3d,plan_and_solve,SUCCESS,s1,calculate,success,198.46,500,20,,7.0,7.0,False
1774779294.781431,sess-0179-c19c9b3d,plan_and_solve,SUCCESS,s2,mock_heavy,success,924.93,500,20,,7.0,7.0,False
1774779295.706495,sess-0179-c19c9b3d,plan_and_solve,SUCCESS,s3,web_fetch,success,397.36,500,18,,7.0,7.0,False
1774779295.181707,sess-0188-f5fbfc52,plan_and_solve,SUCCESS,s1,web_fetch,success,408.26,500,20,,3.0,3.0,False
1774779295.590106,sess-0188-f5fbfc52,plan_and_solve,SUCCESS,s2,calculate,success,274.59,500,20,,3.0,3.0,False
1774779295.864888,sess-0188-f5fbfc52,plan_and_solve,SUCCESS,s3,web_fetch,success,338.77,500,18,,3.0,3.0,False
1774779294.269620,sess-0174-066cf1b2,plan_and_solve,SUCCESS,s1,calculate,success,239.65,500,20,,6.0,6.0,False
1774779294.509395,sess-0174-066cf1b2,plan_and_solve,SUCCESS,s2,web_fetch,success,254.67,500,20,,6.0,6.0,False
1774779294.764213,sess-0174-066cf1b2,plan_and_solve,SUCCESS,s3,web_fetch,success,383.49,500,20,,6.0,6.0,False
1774779295.147883,sess-0174-066cf1b2,plan_and_solve,SUCCESS,s4,web_fetch,success,362.49,500,20,,6.0,6.0,False
1774779295.510504,sess-0174-066cf1b2,plan_and_solve,SUCCESS,s5,web_fetch,success,439.34,500,20,,6.0,6.0,False
1774779295.949977,sess-0174-066cf1b2,plan_and_solve,SUCCESS,s6,web_fetch,success,276.05,500,17,,6.0,6.0,False
1774779295.486145,sess-0194-5725d7ab,plan_and_solve,SUCCESS,s1,web_fetch,success,453.05,500,20,,3.0,3.0,False
1774779295.939320,sess-0194-5725d7ab,plan_and_solve,SUCCESS,s2,calculate,success,128.34,500,20,,3.0,3.0,False
1774779296.067773,sess-0194-5725d7ab,plan_and_solve,SUCCESS,s3,calculate,success,184.20,500,16,,3.0,3.0,False
1774779293.830563,sess-0169-e2b31104,plan_and_solve,SUCCESS,s1,calculate,success,196.25,500,20,,13.0,13.0,False
1774779294.026950,sess-0169-e2b31104,plan_and_solve,SUCCESS,s2,web_fetch,success,330.73,500,20,,13.0,13.0,False
1774779294.357735,sess-0169-e2b31104,plan_and_solve,SUCCESS,s3,mock_heavy,success,985.23,500,20,,13.0,13.0,False
1774779295.343101,sess-0169-e2b31104,plan_and_solve,SUCCESS,s4,mock_heavy,success,1061.09,500,16,,13.0,13.0,False
1774779296.404326,sess-0169-e2b31104,plan_and_solve,SUCCESS,s5,calculate,success,53.75,500,15,,13.0,13.0,False
1774779296.085341,sess-0198-44f7ef7b,plan_and_solve,SUCCESS,s1,web_fetch,success,335.01,500,16,,3.0,3.0,False
1774779296.420466,sess-0198-44f7ef7b,plan_and_solve,SUCCESS,s2,calculate,success,153.61,500,15,,3.0,3.0,False
1774779296.574240,sess-0198-44f7ef7b,plan_and_solve,SUCCESS,s3,calculate,success,15.03,500,14,,3.0,3.0,False
1774779296.058522,sess-0197-95c8c5a4,plan_and_solve,SUCCESS,s1,calculate,success,183.89,500,17,,3.0,3.0,False
1774779296.242582,sess-0197-95c8c5a4,plan_and_solve,SUCCESS,s2,web_fetch,success,323.40,500,15,,3.0,3.0,False
1774779296.566118,sess-0197-95c8c5a4,plan_and_solve,SUCCESS,s3,calculate,success,51.90,500,13,,3.0,3.0,False
1774779295.306755,sess-0191-0910c1ff,plan_and_solve,SUCCESS,s1,web_fetch,success,387.70,500,20,,4.0,4.0,False
1774779295.694598,sess-0191-0910c1ff,plan_and_solve,SUCCESS,s2,web_fetch,success,377.19,500,20,,4.0,4.0,False
1774779296.071910,sess-0191-0910c1ff,plan_and_solve,SUCCESS,s3,web_fetch,success,336.07,500,16,,4.0,4.0,False
1774779296.408101,sess-0191-0910c1ff,plan_and_solve,SUCCESS,s4,web_fetch,success,210.53,500,12,,4.0,4.0,False
1774779295.472168,sess-0193-b6ca001f,plan_and_solve,SUCCESS,s1,calculate,success,250.97,500,20,,6.0,6.0,False
1774779295.723366,sess-0193-b6ca001f,plan_and_solve,SUCCESS,s2,calculate,success,278.49,500,20,,6.0,6.0,False
1774779296.002054,sess-0193-b6ca001f,plan_and_solve,SUCCESS,s3,calculate,success,23.99,500,20,,6.0,6.0,False
1774779296.026159,sess-0193-b6ca001f,plan_and_solve,SUCCESS,s4,web_fetch,success,244.22,500,16,,6.0,6.0,False
1774779296.270457,sess-0193-b6ca001f,plan_and_solve,SUCCESS,s5,calculate,success,143.86,500,16,,6.0,6.0,False
1774779296.414434,sess-0193-b6ca001f,plan_and_solve,SUCCESS,s6,web_fetch,success,221.95,500,11,,6.0,6.0,False
1774779294.798335,sess-0182-c77a49f5,plan_and_solve,SUCCESS,s1,calculate,success,159.43,500,20,,9.0,9.0,False
1774779294.957886,sess-0182-c77a49f5,plan_and_solve,SUCCESS,s2,web_fetch,success,299.62,500,20,,9.0,9.0,False
1774779295.257628,sess-0182-c77a49f5,plan_and_solve,SUCCESS,s3,mock_heavy,success,1106.68,500,16,,9.0,9.0,False
1774779296.364437,sess-0182-c77a49f5,plan_and_solve,SUCCESS,s4,web_fetch,success,244.78,500,14,,9.0,9.0,False
1774779296.609349,sess-0182-c77a49f5,plan_and_solve,SUCCESS,s5,web_fetch,success,164.11,500,10,,9.0,9.0,False
1774779295.422437,sess-0192-2ea5bd54,plan_and_solve,SUCCESS,s1,web_fetch,success,418.09,500,20,,7.0,7.0,False
1774779295.840646,sess-0192-2ea5bd54,plan_and_solve,SUCCESS,s2,calculate,success,193.59,500,20,,7.0,7.0,False
1774779296.034444,sess-0192-2ea5bd54,plan_and_solve,SUCCESS,s3,calculate,success,100.10,500,19,,7.0,7.0,False
1774779296.134737,sess-0192-2ea5bd54,plan_and_solve,SUCCESS,s4,web_fetch,success,314.42,500,16,,7.0,7.0,False
1774779296.449270,sess-0192-2ea5bd54,plan_and_solve,SUCCESS,s5,web_fetch,success,288.82,500,11,,7.0,7.0,False
1774779296.738227,sess-0192-2ea5bd54,plan_and_solve,SUCCESS,s6,calculate,success,10.88,500,11,,7.0,7.0,False
1774779296.749213,sess-0192-2ea5bd54,plan_and_solve,SUCCESS,s7,web_fetch,success,169.66,500,9,,7.0,7.0,False
1774779295.090540,sess-0186-d294b623,plan_and_solve,SUCCESS,s1,web_fetch,success,347.75,500,20,,8.0,8.0,False
1774779295.438419,sess-0186-d294b623,plan_and_solve,SUCCESS,s2,calculate,success,273.83,500,20,,8.0,8.0,False
1774779295.712374,sess-0186-d294b623,plan_and_solve,SUCCESS,s3,mock_heavy,success,1055.24,500,11,,8.0,8.0,False
1774779296.767745,sess-0186-d294b623,plan_and_solve,SUCCESS,s4,web_fetch,success,158.54,500,8,,8.0,8.0,False
1774779295.756704,sess-0196-1ada5d98,plan_and_solve,SUCCESS,s1,calculate,success,261.36,500,20,,7.0,7.0,False
1774779296.018192,sess-0196-1ada5d98,plan_and_solve,SUCCESS,s2,calculate,success,99.51,500,19,,7.0,7.0,False
1774779296.117942,sess-0196-1ada5d98,plan_and_solve,SUCCESS,s3,web_fetch,success,322.96,500,16,,7.0,7.0,False
1774779296.441021,sess-0196-1ada5d98,plan_and_solve,SUCCESS,s4,calculate,success,143.39,500,15,,7.0,7.0,False
1774779296.584527,sess-0196-1ada5d98,plan_and_solve,SUCCESS,s5,web_fetch,success,206.68,500,10,,7.0,7.0,False
1774779296.791339,sess-0196-1ada5d98,plan_and_solve,SUCCESS,s6,web_fetch,success,159.55,500,8,,7.0,7.0,False
1774779296.951057,sess-0196-1ada5d98,plan_and_solve,SUCCESS,s7,web_fetch,success,159.65,500,7,,7.0,7.0,False
1774779296.102218,sess-0199-26a62be8,plan_and_solve,SUCCESS,s1,calculate,success,182.07,500,16,,5.0,5.0,False
1774779296.284491,sess-0199-26a62be8,plan_and_solve,SUCCESS,s2,web_fetch,success,298.46,500,15,,5.0,5.0,False
1774779296.583074,sess-0199-26a62be8,plan_and_solve,SUCCESS,s3,web_fetch,success,308.91,500,10,,5.0,5.0,False
1774779296.892113,sess-0199-26a62be8,plan_and_solve,SUCCESS,s4,web_fetch,success,157.00,500,8,,5.0,5.0,False
1774779297.049241,sess-0199-26a62be8,plan_and_solve,SUCCESS,s5,web_fetch,success,159.69,500,6,,5.0,5.0,False
1774779294.346081,sess-0175-25e8078a,plan_and_solve,SUCCESS,s1,calculate,success,185.57,500,20,,15.0,15.0,False
1774779294.531774,sess-0175-25e8078a,plan_and_solve,SUCCESS,s2,calculate,success,161.51,500,20,,15.0,15.0,False
1774779294.693411,sess-0175-25e8078a,plan_and_solve,SUCCESS,s3,calculate,success,121.70,500,20,,15.0,15.0,False
1774779294.815221,sess-0175-25e8078a,plan_and_solve,SUCCESS,s4,web_fetch,success,176.54,500,20,,15.0,15.0,False
1774779294.991877,sess-0175-25e8078a,plan_and_solve,SUCCESS,s5,calculate,success,172.66,500,20,,15.0,15.0,False
1774779295.164656,sess-0175-25e8078a,plan_and_solve,SUCCESS,s6,mock_heavy,success,1110.22,500,16,,15.0,15.0,False
1774779296.275042,sess-0175-25e8078a,plan_and_solve,SUCCESS,s7,mock_heavy,success,948.90,500,5,,15.0,15.0,False
1774779295.613149,sess-0195-25b8020f,plan_and_solve,SUCCESS,s1,web_fetch,success,437.44,500,20,,8.0,8.0,False
1774779296.050718,sess-0195-25b8020f,plan_and_solve,SUCCESS,s2,mock_heavy,success,970.62,500,8,,8.0,8.0,False
1774779297.021454,sess-0195-25b8020f,plan_and_solve,SUCCESS,s3,web_fetch,success,159.64,500,7,,8.0,8.0,False
1774779297.181219,sess-0195-25b8020f,plan_and_solve,SUCCESS,s4,web_fetch,success,159.79,500,4,,8.0,8.0,False
1774779295.007749,sess-0184-c25e6604,plan_and_solve,SUCCESS,s1,mock_heavy,success,1034.24,500,20,,13.0,13.0,False
1774779296.042105,sess-0184-c25e6604,plan_and_solve,SUCCESS,s2,calculate,success,107.53,500,19,,13.0,13.0,False
1774779296.149868,sess-0184-c25e6604,plan_and_solve,SUCCESS,s3,web_fetch,success,328.93,500,15,,13.0,13.0,False
1774779296.478930,sess-0184-c25e6604,plan_and_solve,SUCCESS,s4,web_fetch,success,268.71,500,11,,13.0,13.0,False
1774779296.747759,sess-0184-c25e6604,plan_and_solve,SUCCESS,s5,mock_heavy,success,811.54,500,3,,13.0,13.0,False
1774779295.271354,sess-0189-ca3c9e7d,plan_and_solve,SUCCESS,s1,calculate,success,255.50,500,20,,11.0,11.0,False
1774779295.526982,sess-0189-ca3c9e7d,plan_and_solve,SUCCESS,s2,calculate,success,320.63,500,20,,11.0,11.0,False
1774779295.847771,sess-0189-ca3c9e7d,plan_and_solve,SUCCESS,s3,calculate,success,195.88,500,20,,11.0,11.0,False
1774779296.043763,sess-0189-ca3c9e7d,plan_and_solve,SUCCESS,s4,web_fetch,success,268.33,500,16,,11.0,11.0,False
1774779296.312196,sess-0189-ca3c9e7d,plan_and_solve,SUCCESS,s5,calculate,success,138.53,500,16,,11.0,11.0,False
1774779296.450833,sess-0189-ca3c9e7d,plan_and_solve,SUCCESS,s6,mock_heavy,success,976.81,500,4,,11.0,11.0,False
1774779297.427905,sess-0189-ca3c9e7d,plan_and_solve,SUCCESS,s7,web_fetch,success,160.44,500,2,,11.0,11.0,False
1774779294.479267,sess-0176-80bc0292,plan_and_solve,SUCCESS,s1,web_fetch,success,287.61,500,20,,19.0,19.0,False
1774779294.767016,sess-0176-80bc0292,plan_and_solve,SUCCESS,s2,calculate,success,111.97,500,20,,19.0,19.0,False
1774779294.879119,sess-0176-80bc0292,plan_and_solve,SUCCESS,s3,mock_heavy,success,1024.65,500,20,,19.0,19.0,False
1774779295.903888,sess-0176-80bc0292,plan_and_solve,SUCCESS,s4,mock_heavy,success,956.39,500,10,,19.0,19.0,False
1774779296.860425,sess-0176-80bc0292,plan_and_solve,SUCCESS,s5,web_fetch,success,159.17,500,8,,19.0,19.0,False
1774779297.019797,sess-0176-80bc0292,plan_and_solve,SUCCESS,s6,mock_heavy,success,811.95,500,2,,19.0,19.0,False
1774779297.831935,sess-0176-80bc0292,plan_and_solve,SUCCESS,s7,calculate,success,5.44,500,1,,19.0,19.0,False
1774779295.061874,sess-0185-b22b1d15,plan_and_solve,SUCCESS,s1,web_fetch,success,333.27,500,20,,14.0,14.0,False
1774779295.395285,sess-0185-b22b1d15,plan_and_solve,SUCCESS,s2,web_fetch,success,438.98,500,20,,14.0,14.0,False
1774779295.834395,sess-0185-b22b1d15,plan_and_solve,SUCCESS,s3,web_fetch,success,403.87,500,17,,14.0,14.0,False
1774779296.238470,sess-0185-b22b1d15,plan_and_solve,SUCCESS,s4,mock_heavy,success,937.47,500,7,,14.0,14.0,False
1774779297.176080,sess-0185-b22b1d15,plan_and_solve,SUCCESS,s5,calculate,success,9.99,500,7,,14.0,14.0,False
1774779297.186196,sess-0185-b22b1d15,plan_and_solve,SUCCESS,s6,mock_heavy,success,811.86,500,0,,14.0,14.0,False
