timestamp,session_id,mode,session_state,step_id,tool_name,status,latency_ms,budget,locked_price,regime,raw_goodput,effective_goodput,shadow_would_reject
1775022842.427253,sess-0000-e8fbdce7,react,SUCCESS,r1,calculate,success,6.49,500,0,,1.0,1.0,False
1775022842.661159,sess-0002-34c579ca,react,SUCCESS,r1,calculate,success,9.92,500,0,,1.0,1.0,False
1775022842.824772,sess-0005-75fe39e6,react,SUCCESS,r1,calculate,success,8.95,500,0,,1.0,1.0,False
1775022843.124443,sess-0011-8e7bbd30,react,SUCCESS,r1,web_fetch,success,163.23,500,0,,4.0,4.0,False
1775022843.287846,sess-0011-8e7bbd30,react,SUCCESS,r2,web_fetch,success,158.35,500,0,,4.0,4.0,False
1775022843.446335,sess-0011-8e7bbd30,react,SUCCESS,r3,calculate,success,7.83,500,0,,4.0,4.0,False
1775022843.454298,sess-0011-8e7bbd30,react,SUCCESS,r4,calculate,success,7.23,500,0,,4.0,4.0,False
1775022843.481392,sess-0013-f5ce173d,react,SUCCESS,r1,web_fetch,success,158.53,500,0,,1.0,1.0,False
1775022843.551166,sess-0017-8a4b64fa,react,SUCCESS,r1,calculate,success,93.35,500,0,,1.0,1.0,False
1775022842.842057,sess-0007-c44d4b14,react,SUCCESS,r1,calculate,success,8.54,500,0,,6.0,6.0,False
1775022842.850727,sess-0007-c44d4b14,react,SUCCESS,r2,mock_heavy,success,808.24,500,0,,6.0,6.0,False
1775022843.641632,sess-0019-50b0bd24,react,SUCCESS,r1,calculate,success,169.26,500,0,,1.0,1.0,False
1775022843.122176,sess-0010-c0099de1,react,SUCCESS,r1,calculate,success,15.49,500,0,,8.0,8.0,False
1775022843.137894,sess-0010-c0099de1,react,SUCCESS,r2,calculate,success,5.83,500,0,,8.0,8.0,False
1775022843.143846,sess-0010-c0099de1,react,SUCCESS,r3,calculate,success,6.04,500,0,,8.0,8.0,False
1775022843.149999,sess-0010-c0099de1,react,SUCCESS,r4,mock_heavy,success,808.52,500,0,,8.0,8.0,False
1775022843.602803,sess-0018-148137c0,react,SUCCESS,r1,mock_heavy,success,1003.59,500,0,,5.0,5.0,False
1775022842.749774,sess-0003-93cf90c9,react,SUCCESS,r1,mock_heavy,success,810.42,500,0,,11.0,11.0,False
1775022843.560392,sess-0003-93cf90c9,react,SUCCESS,r2,web_fetch,success,237.09,500,0,,11.0,11.0,False
1775022843.797627,sess-0003-93cf90c9,react,SUCCESS,r3,mock_heavy,success,817.58,500,0,,11.0,11.0,False
1775022843.766122,sess-0023-b0043b04,react,CASCADE_FAILED,r1,web_fetch,success,356.17,500,0,,1.0,0.0,False
1775022844.122358,sess-0023-b0043b04,react,CASCADE_FAILED,r2,calculate,error,1004.49,500,,,1.0,0.0,False
1775022843.497988,sess-0014-2b59621c,react,SUCCESS,r1,calculate,success,26.64,500,0,,9.0,9.0,False
1775022843.524738,sess-0014-2b59621c,react,SUCCESS,r2,calculate,success,37.01,500,0,,9.0,9.0,False
1775022843.561857,sess-0014-2b59621c,react,SUCCESS,r3,calculate,success,100.43,500,0,,9.0,9.0,False
1775022843.662406,sess-0014-2b59621c,react,SUCCESS,r4,web_fetch,success,301.10,500,0,,9.0,9.0,False
1775022843.963736,sess-0014-2b59621c,react,SUCCESS,r5,mock_heavy,success,1219.28,500,0,,9.0,9.0,False
1775022843.511958,sess-0015-03c8c23d,react,CASCADE_FAILED,r1,calculate,success,20.78,500,0,,6.0,0.0,False
1775022843.532859,sess-0015-03c8c23d,react,CASCADE_FAILED,r2,mock_heavy,success,835.28,500,0,,6.0,0.0,False
1775022844.368324,sess-0015-03c8c23d,react,CASCADE_FAILED,r3,mock_heavy,error,1005.77,500,,,6.0,0.0,False
1775022843.665948,sess-0020-18422744,react,SUCCESS,r1,calculate,success,345.02,500,0,,7.0,7.0,False
1775022844.011092,sess-0020-18422744,react,SUCCESS,r2,web_fetch,success,772.16,500,0,,7.0,7.0,False
1775022844.783389,sess-0020-18422744,react,SUCCESS,r3,mock_heavy,success,847.56,500,0,,7.0,7.0,False
1775022844.715060,sess-0037-a895dec3,react,SUCCESS,r1,calculate,success,951.88,500,0,,1.0,1.0,False
1775022843.730428,sess-0021-32ee6816,react,SUCCESS,r1,mock_heavy,success,895.29,500,0,,6.0,6.0,False
1775022844.625834,sess-0021-32ee6816,react,SUCCESS,r2,web_fetch,success,1105.20,500,0,,6.0,6.0,False
1775022844.148420,sess-0032-55b96eaa,react,SUCCESS,r1,mock_heavy,success,1587.80,500,0,,5.0,5.0,False
1775022842.837416,sess-0006-81d0cb90,react,SUCCESS,r1,web_fetch,success,158.07,500,0,,12.0,12.0,False
1775022842.995638,sess-0006-81d0cb90,react,SUCCESS,r2,mock_heavy,success,813.01,500,0,,12.0,12.0,False
1775022843.808816,sess-0006-81d0cb90,react,SUCCESS,r3,mock_heavy,success,1099.74,500,0,,12.0,12.0,False
1775022844.908686,sess-0006-81d0cb90,react,SUCCESS,r4,calculate,success,959.88,500,0,,12.0,12.0,False
1775022843.039114,sess-0009-a3dcc0d0,react,SUCCESS,r1,web_fetch,success,158.67,500,0,,12.0,12.0,False
1775022843.197837,sess-0009-a3dcc0d0,react,SUCCESS,r2,mock_heavy,success,808.12,500,0,,12.0,12.0,False
1775022844.006088,sess-0009-a3dcc0d0,react,SUCCESS,r3,mock_heavy,success,1255.58,500,0,,12.0,12.0,False
1775022845.261805,sess-0009-a3dcc0d0,react,SUCCESS,r4,web_fetch,success,978.60,500,0,,12.0,12.0,False
1775022844.072041,sess-0030-0728641d,react,SUCCESS,r1,mock_heavy,success,1374.78,500,0,,6.0,6.0,False
1775022845.446952,sess-0030-0728641d,react,SUCCESS,r2,calculate,success,855.78,500,0,,6.0,6.0,False
1775022845.300018,sess-0050-61f90f64,react,SUCCESS,r1,web_fetch,success,1084.43,500,0,,1.0,1.0,False
1775022845.533727,sess-0051-c700a208,react,REJECTED_AT_STEP_0,r1,mock_heavy,error,1007.92,500,,,0.0,0.0,False
1775022844.135077,sess-0031-bbed33ad,react,CASCADE_FAILED,r1,mock_heavy,success,1583.26,500,0,,5.0,0.0,False
1775022845.718468,sess-0031-bbed33ad,react,CASCADE_FAILED,r2,mock_heavy,error,1008.76,500,,,5.0,0.0,False
1775022842.976843,sess-0008-24c7674e,react,SUCCESS,r1,calculate,success,8.64,500,0,,14.0,14.0,False
1775022842.985665,sess-0008-24c7674e,react,SUCCESS,r2,calculate,success,6.90,500,0,,14.0,14.0,False
1775022842.992682,sess-0008-24c7674e,react,SUCCESS,r3,mock_heavy,success,808.54,500,0,,14.0,14.0,False
1775022843.801342,sess-0008-24c7674e,react,SUCCESS,r4,web_fetch,success,366.79,500,0,,14.0,14.0,False
1775022844.168276,sess-0008-24c7674e,react,SUCCESS,r5,mock_heavy,success,1644.37,500,0,,14.0,14.0,False
1775022845.812770,sess-0008-24c7674e,react,SUCCESS,r6,web_fetch,success,1024.17,500,0,,14.0,14.0,False
1775022843.525724,sess-0016-ceeb2b10,react,SUCCESS,r1,calculate,success,38.43,500,0,,9.0,9.0,False
1775022843.564272,sess-0016-ceeb2b10,react,SUCCESS,r2,web_fetch,success,253.54,500,0,,9.0,9.0,False
1775022843.817931,sess-0016-ceeb2b10,react,SUCCESS,r3,web_fetch,success,464.52,500,0,,9.0,9.0,False
1775022844.282547,sess-0016-ceeb2b10,react,SUCCESS,r4,web_fetch,success,1043.51,500,0,,9.0,9.0,False
1775022845.326204,sess-0016-ceeb2b10,react,SUCCESS,r5,mock_heavy,success,1759.63,500,0,,9.0,9.0,False
1775022845.155431,sess-0046-e2ff74e5,react,SUCCESS,r1,calculate,success,862.89,500,0,,2.0,2.0,False
1775022846.018371,sess-0046-e2ff74e5,react,SUCCESS,r2,web_fetch,success,1118.19,500,0,,2.0,2.0,False
1775022844.352673,sess-0034-fcdfb037,react,CASCADE_FAILED,r1,calculate,success,941.70,500,0,,2.0,0.0,False
1775022845.294509,sess-0034-fcdfb037,react,CASCADE_FAILED,r2,calculate,success,915.37,500,0,,2.0,0.0,False
1775022846.209993,sess-0034-fcdfb037,react,CASCADE_FAILED,r3,calculate,error,1007.11,500,,,2.0,0.0,False
1775022846.228065,sess-0058-2d8e8abd,react,SUCCESS,r1,web_fetch,success,1103.79,500,0,,1.0,1.0,False
1775022845.231850,sess-0048-f34e3860,react,SUCCESS,r1,web_fetch,success,998.68,500,0,,3.0,3.0,False
1775022846.230643,sess-0048-f34e3860,react,SUCCESS,r2,web_fetch,success,242.68,500,0,,3.0,3.0,False
1775022846.473464,sess-0048-f34e3860,react,SUCCESS,r3,web_fetch,success,1080.21,500,0,,3.0,3.0,False
1775022842.811716,sess-0004-fdd2032d,react,SUCCESS,r1,web_fetch,success,160.36,500,0,,15.0,15.0,False
1775022842.972270,sess-0004-fdd2032d,react,SUCCESS,r2,web_fetch,success,159.95,500,0,,15.0,15.0,False
1775022843.132350,sess-0004-fdd2032d,react,SUCCESS,r3,web_fetch,success,157.86,500,0,,15.0,15.0,False
1775022843.290376,sess-0004-fdd2032d,react,SUCCESS,r4,mock_heavy,success,806.44,500,0,,15.0,15.0,False
1775022844.096889,sess-0004-fdd2032d,react,SUCCESS,r5,web_fetch,success,858.44,500,0,,15.0,15.0,False
1775022844.955470,sess-0004-fdd2032d,react,SUCCESS,r6,calculate,success,933.90,500,0,,15.0,15.0,False
1775022845.889495,sess-0004-fdd2032d,react,SUCCESS,r7,mock_heavy,success,1715.87,500,0,,15.0,15.0,False
1775022844.689464,sess-0036-aec53b25,react,CASCADE_FAILED,r1,web_fetch,success,1083.87,500,0,,2.0,0.0,False
1775022845.773464,sess-0036-aec53b25,react,CASCADE_FAILED,r2,calculate,success,834.86,500,0,,2.0,0.0,False
1775022846.608508,sess-0036-aec53b25,react,CASCADE_FAILED,r3,mock_heavy,error,1007.63,500,,,2.0,0.0,False
1775022846.660654,sess-0068-666f7f4d,react,SUCCESS,r1,calculate,success,1002.79,500,0,,1.0,1.0,False
1775022844.068613,sess-0029-d9a55c16,react,SUCCESS,r1,web_fetch,success,722.74,500,0,,4.0,4.0,False
1775022844.791657,sess-0029-d9a55c16,react,SUCCESS,r2,calculate,success,965.53,500,0,,4.0,4.0,False
1775022845.757326,sess-0029-d9a55c16,react,SUCCESS,r3,web_fetch,success,983.98,500,0,,4.0,4.0,False
1775022846.741427,sess-0029-d9a55c16,react,SUCCESS,r4,calculate,success,984.90,500,0,,4.0,4.0,False
1775022843.959005,sess-0027-0a2a98ae,react,SUCCESS,r1,mock_heavy,success,1184.66,500,0,,11.0,11.0,False
1775022845.143736,sess-0027-0a2a98ae,react,SUCCESS,r2,mock_heavy,success,1666.04,500,0,,11.0,11.0,False
1775022846.809912,sess-0027-0a2a98ae,react,SUCCESS,r3,calculate,success,962.42,500,0,,11.0,11.0,False
1775022844.153207,sess-0033-cb938a0e,react,SUCCESS,r1,mock_heavy,success,1632.70,500,0,,7.0,7.0,False
1775022845.786026,sess-0033-cb938a0e,react,SUCCESS,r2,web_fetch,success,1035.54,500,0,,7.0,7.0,False
1775022846.821692,sess-0033-cb938a0e,react,SUCCESS,r3,calculate,success,987.80,500,0,,7.0,7.0,False
1775022844.849628,sess-0041-159925b1,react,SUCCESS,r1,web_fetch,success,1107.35,500,0,,3.0,3.0,False
1775022845.957102,sess-0041-159925b1,react,SUCCESS,r2,web_fetch,success,1093.58,500,0,,3.0,3.0,False
1775022847.050821,sess-0041-159925b1,react,SUCCESS,r3,calculate,success,1011.53,500,0,,3.0,3.0,False
1775022843.944038,sess-0026-95b4b6fa,react,CASCADE_FAILED,r1,web_fetch,success,504.74,500,0,,7.0,0.0,False
1775022844.448917,sess-0026-95b4b6fa,react,CASCADE_FAILED,r2,mock_heavy,success,1710.05,500,0,,7.0,0.0,False
1775022846.159143,sess-0026-95b4b6fa,react,CASCADE_FAILED,r3,calculate,success,962.18,500,0,,7.0,0.0,False
1775022847.121450,sess-0026-95b4b6fa,react,CASCADE_FAILED,r4,web_fetch,error,1007.43,500,,,7.0,0.0,False
1775022845.285359,sess-0049-507b0595,react,SUCCESS,r1,calculate,success,78.46,500,0,,7.0,7.0,False
1775022845.363901,sess-0049-507b0595,react,SUCCESS,r2,mock_heavy,success,1722.54,500,0,,7.0,7.0,False
1775022847.086532,sess-0049-507b0595,react,SUCCESS,r3,calculate,success,1044.78,500,0,,7.0,7.0,False
1775022847.186909,sess-0074-d17ddb91,react,REJECTED_AT_STEP_0,r1,mock_heavy,error,1007.06,500,,,0.0,0.0,False
1775022843.359998,sess-0012-5cc38aca,react,SUCCESS,r1,web_fetch,success,163.18,500,0,,13.0,13.0,False
1775022843.523305,sess-0012-5cc38aca,react,SUCCESS,r2,mock_heavy,success,808.93,500,0,,13.0,13.0,False
1775022844.332321,sess-0012-5cc38aca,react,SUCCESS,r3,mock_heavy,success,1680.36,500,0,,13.0,13.0,False
1775022846.012743,sess-0012-5cc38aca,react,SUCCESS,r4,web_fetch,success,1089.46,500,0,,13.0,13.0,False
1775022847.102325,sess-0012-5cc38aca,react,SUCCESS,r5,calculate,success,1102.40,500,0,,13.0,13.0,False
1775022847.073444,sess-0073-60eeef91,react,CASCADE_FAILED,r1,calculate,success,134.00,500,0,,1.0,0.0,False
1775022847.207603,sess-0073-60eeef91,react,CASCADE_FAILED,r2,mock_heavy,error,1006.58,500,,,1.0,0.0,False
1775022842.459330,sess-0001-bbf85d8a,react,SUCCESS,r1,mock_heavy,success,808.52,500,0,,22.0,22.0,False
1775022843.267981,sess-0001-bbf85d8a,react,SUCCESS,r2,calculate,success,7.61,500,0,,22.0,22.0,False
1775022843.275726,sess-0001-bbf85d8a,react,SUCCESS,r3,mock_heavy,success,807.57,500,0,,22.0,22.0,False
1775022844.083371,sess-0001-bbf85d8a,react,SUCCESS,r4,mock_heavy,success,1507.00,500,0,,22.0,22.0,False
1775022845.590505,sess-0001-bbf85d8a,react,SUCCESS,r5,web_fetch,success,937.45,500,0,,22.0,22.0,False
1775022846.528097,sess-0001-bbf85d8a,react,SUCCESS,r6,mock_heavy,success,1722.45,500,0,,22.0,22.0,False
1775022845.181442,sess-0047-666fc28c,react,CASCADE_FAILED,r1,web_fetch,success,1025.85,500,0,,2.0,0.0,False
1775022846.207418,sess-0047-666fc28c,react,CASCADE_FAILED,r2,web_fetch,success,1099.66,500,0,,2.0,0.0,False
1775022847.307208,sess-0047-666fc28c,react,CASCADE_FAILED,r3,web_fetch,error,1007.70,500,,,2.0,0.0,False
1775022846.464055,sess-0064-d8d178db,react,CASCADE_FAILED,r1,mock_heavy,success,905.42,500,0,,5.0,0.0,False
1775022847.369677,sess-0064-d8d178db,react,CASCADE_FAILED,r2,calculate,error,1007.62,500,,,5.0,0.0,False
1775022846.260122,sess-0060-e58b2be0,react,CASCADE_FAILED,r1,web_fetch,success,1114.87,500,0,,1.0,0.0,False
1775022847.375114,sess-0060-e58b2be0,react,CASCADE_FAILED,r2,web_fetch,error,1007.34,500,,,1.0,0.0,False
1775022846.434106,sess-0063-fecc3474,react,CASCADE_FAILED,r1,web_fetch,success,1064.01,500,0,,1.0,0.0,False
1775022847.498236,sess-0063-fecc3474,react,CASCADE_FAILED,r2,web_fetch,error,1008.80,500,,,1.0,0.0,False
1775022847.504115,sess-0080-6904629e,react,REJECTED_AT_STEP_0,r1,calculate,error,1008.86,500,,,0.0,0.0,False
1775022847.464703,sess-0078-64bcca50,react,CASCADE_FAILED,r1,calculate,success,136.95,500,0,,1.0,0.0,False
1775022847.601788,sess-0078-64bcca50,react,CASCADE_FAILED,r2,web_fetch,error,1008.62,500,,,1.0,0.0,False
1775022846.539802,sess-0066-2c209510,react,CASCADE_FAILED,r1,web_fetch,success,1078.01,500,0,,1.0,0.0,False
1775022847.617929,sess-0066-2c209510,react,CASCADE_FAILED,r2,web_fetch,error,1007.18,500,,,1.0,0.0,False
1775022847.638383,sess-0081-17961fe9,react,REJECTED_AT_STEP_0,r1,mock_heavy,error,1007.11,500,,,0.0,0.0,False
1775022847.704190,sess-0082-8beebe0b,react,REJECTED_AT_STEP_0,r1,web_fetch,error,1007.47,500,,,0.0,0.0,False
1775022846.666440,sess-0069-1fbeca18,react,CASCADE_FAILED,r1,calculate,success,1049.04,500,0,,1.0,0.0,False
1775022847.715684,sess-0069-1fbeca18,react,CASCADE_FAILED,r2,web_fetch,error,1007.87,500,,,1.0,0.0,False
1775022844.800055,sess-0039-78d6b1d2,react,CASCADE_FAILED,r1,web_fetch,success,1124.06,500,0,,3.0,0.0,False
1775022845.924253,sess-0039-78d6b1d2,react,CASCADE_FAILED,r2,calculate,success,948.32,500,0,,3.0,0.0,False
1775022846.872694,sess-0039-78d6b1d2,react,CASCADE_FAILED,r3,web_fetch,success,1097.76,500,0,,3.0,0.0,False
1775022847.970565,sess-0039-78d6b1d2,react,CASCADE_FAILED,r4,mock_heavy,error,1007.28,500,,,3.0,0.0,False
1775022844.896586,sess-0042-89c28c95,react,SUCCESS,r1,calculate,success,937.01,500,0,,4.0,4.0,False
1775022845.833711,sess-0042-89c28c95,react,SUCCESS,r2,web_fetch,success,1108.76,500,0,,4.0,4.0,False
1775022846.942613,sess-0042-89c28c95,react,SUCCESS,r3,calculate,success,970.62,500,0,,4.0,4.0,False
1775022847.913377,sess-0042-89c28c95,react,SUCCESS,r4,calculate,success,1106.46,500,0,,4.0,4.0,False
1775022845.972587,sess-0054-96e7878b,react,CASCADE_FAILED,r1,calculate,success,946.14,500,0,,2.0,0.0,False
1775022846.918926,sess-0054-96e7878b,react,CASCADE_FAILED,r2,web_fetch,success,1107.38,500,0,,2.0,0.0,False
1775022848.026481,sess-0054-96e7878b,react,CASCADE_FAILED,r3,web_fetch,error,1007.50,500,,,2.0,0.0,False
1775022846.204891,sess-0056-41b5cf9c,react,SUCCESS,r1,mock_heavy,success,1748.67,500,0,,6.0,6.0,False
1775022847.953692,sess-0056-41b5cf9c,react,SUCCESS,r2,calculate,success,1119.23,500,0,,6.0,6.0,False
1775022849.145859,sess-0112-6caf5714,react,REJECTED_AT_STEP_0,r1,web_fetch,rejected,3.25,500,,,0.0,0.0,False
1775022849.324120,sess-0113-ed884b38,react,REJECTED_AT_STEP_0,r1,mock_heavy,rejected,2.55,500,,,0.0,0.0,False
1775022846.211320,sess-0057-1839d4ff,react,SUCCESS,r1,calculate,success,957.91,500,0,,3.0,3.0,False
1775022847.169363,sess-0057-1839d4ff,react,SUCCESS,r2,calculate,success,1075.30,500,0,,3.0,3.0,False
1775022848.244844,sess-0057-1839d4ff,react,SUCCESS,r3,calculate,success,1092.04,500,0,,3.0,3.0,False
1775022844.839899,sess-0040-7a008d6c,react,CASCADE_FAILED,r1,calculate,success,941.46,500,0,,7.0,0.0,False
1775022845.781545,sess-0040-7a008d6c,react,CASCADE_FAILED,r2,calculate,success,852.56,500,0,,7.0,0.0,False
1775022846.634232,sess-0040-7a008d6c,react,CASCADE_FAILED,r3,mock_heavy,success,1823.56,500,0,,7.0,0.0,False
1775022848.457918,sess-0040-7a008d6c,react,CASCADE_FAILED,r4,mock_heavy,error,1007.82,500,,,7.0,0.0,False
1775022847.359498,sess-0076-cc161653,react,CASCADE_FAILED,r1,calculate,success,1116.66,500,0,,1.0,0.0,False
1775022848.476286,sess-0076-cc161653,react,CASCADE_FAILED,r2,calculate,error,1007.79,500,,,1.0,0.0,False
1775022848.480016,sess-0095-1c46c8bf,react,REJECTED_AT_STEP_0,r1,web_fetch,error,1006.92,500,,,0.0,0.0,False
1775022847.270000,sess-0075-4280f61e,react,CASCADE_FAILED,r1,web_fetch,success,1246.98,500,0,,1.0,0.0,False
1775022848.517098,sess-0075-4280f61e,react,CASCADE_FAILED,r2,web_fetch,error,1007.77,500,,,1.0,0.0,False
1775022848.526551,sess-0096-53cb2462,react,REJECTED_AT_STEP_0,r1,calculate,error,1007.12,500,,,0.0,0.0,False
1775022844.578667,sess-0035-533d8901,react,SUCCESS,r1,web_fetch,success,972.51,500,0,,5.0,5.0,False
1775022845.551312,sess-0035-533d8901,react,SUCCESS,r2,calculate,success,798.32,500,0,,5.0,5.0,False
1775022846.349768,sess-0035-533d8901,react,SUCCESS,r3,calculate,success,998.04,500,0,,5.0,5.0,False
1775022847.347995,sess-0035-533d8901,react,SUCCESS,r4,calculate,success,1095.87,500,0,,5.0,5.0,False
1775022848.443997,sess-0035-533d8901,react,SUCCESS,r5,calculate,success,1113.13,500,0,,5.0,5.0,False
1775022844.007402,sess-0028-38432070,react,SUCCESS,r1,calculate,success,613.01,500,0,,9.0,9.0,False
1775022844.620521,sess-0028-38432070,react,SUCCESS,r2,mock_heavy,success,1654.39,500,0,,9.0,9.0,False
1775022846.275038,sess-0028-38432070,react,SUCCESS,r3,calculate,success,983.21,500,0,,9.0,9.0,False
1775022847.258371,sess-0028-38432070,react,SUCCESS,r4,calculate,success,1099.73,500,0,,9.0,9.0,False
1775022848.358235,sess-0028-38432070,react,SUCCESS,r5,web_fetch,success,1256.80,500,0,,9.0,9.0,False
1775022848.617760,sess-0099-2152d35e,react,REJECTED_AT_STEP_0,r1,web_fetch,error,1007.02,500,,,0.0,0.0,False
1775022848.627088,sess-0100-cf4deee2,react,REJECTED_AT_STEP_0,r1,calculate,error,1007.92,500,,,0.0,0.0,False
1775022848.697880,sess-0102-ac7af371,react,REJECTED_AT_STEP_0,r1,web_fetch,error,1009.82,500,,,0.0,0.0,False
1775022846.315457,sess-0062-69d24f87,react,CASCADE_FAILED,r1,web_fetch,success,1134.11,500,0,,2.0,0.0,False
1775022847.449686,sess-0062-69d24f87,react,CASCADE_FAILED,r2,web_fetch,success,1262.59,500,0,,2.0,0.0,False
1775022848.712395,sess-0062-69d24f87,react,CASCADE_FAILED,r3,calculate,error,1007.42,500,,,2.0,0.0,False
1775022848.724048,sess-0103-cacd3f85,react,REJECTED_AT_STEP_0,r1,web_fetch,error,1007.40,500,,,0.0,0.0,False
1775022847.459199,sess-0077-9a95497c,react,CASCADE_FAILED,r1,web_fetch,success,1271.83,500,0,,1.0,0.0,False
1775022848.731145,sess-0077-9a95497c,react,CASCADE_FAILED,r2,calculate,error,1006.95,500,,,1.0,0.0,False
1775022846.956367,sess-0070-0bf00bbc,react,CASCADE_FAILED,r1,mock_heavy,success,1784.02,500,0,,5.0,0.0,False
1775022848.740513,sess-0070-0bf00bbc,react,CASCADE_FAILED,r2,web_fetch,error,1006.20,500,,,5.0,0.0,False
1775022844.722702,sess-0038-d534041e,react,SUCCESS,r1,calculate,success,983.26,500,0,,8.0,8.0,False
1775022845.706093,sess-0038-d534041e,react,SUCCESS,r2,mock_heavy,success,1549.95,500,0,,8.0,8.0,False
1775022847.256179,sess-0038-d534041e,react,SUCCESS,r3,web_fetch,success,1235.15,500,0,,8.0,8.0,False
1775022848.491447,sess-0038-d534041e,react,SUCCESS,r4,web_fetch,success,1273.61,500,0,,8.0,8.0,False
1775022848.772226,sess-0104-412bc622,react,REJECTED_AT_STEP_0,r1,calculate,error,1007.89,500,,,0.0,0.0,False
1775022846.551247,sess-0067-244a2829,react,CASCADE_FAILED,r1,web_fetch,success,1149.35,500,0,,2.0,0.0,False
1775022847.700724,sess-0067-244a2829,react,CASCADE_FAILED,r2,calculate,success,1089.16,500,0,,2.0,0.0,False
1775022848.790015,sess-0067-244a2829,react,CASCADE_FAILED,r3,mock_heavy,error,1007.19,500,,,2.0,0.0,False
1775022845.633589,sess-0052-bc60bd9f,react,CASCADE_FAILED,r1,web_fetch,success,941.19,500,0,,3.0,0.0,False
1775022846.574902,sess-0052-bc60bd9f,react,CASCADE_FAILED,r2,calculate,success,979.72,500,0,,3.0,0.0,False
1775022847.554727,sess-0052-bc60bd9f,react,CASCADE_FAILED,r3,web_fetch,success,1244.43,500,0,,3.0,0.0,False
1775022848.799330,sess-0052-bc60bd9f,react,CASCADE_FAILED,r4,calculate,error,1006.65,500,,,3.0,0.0,False
1775022847.055732,sess-0071-68ac3c3f,react,CASCADE_FAILED,r1,mock_heavy,success,1826.77,500,0,,5.0,0.0,False
1775022848.882626,sess-0071-68ac3c3f,react,CASCADE_FAILED,r2,calculate,error,1006.83,500,,,5.0,0.0,False
1775022845.082159,sess-0045-52748e25,react,CASCADE_FAILED,r1,web_fetch,success,1055.86,500,0,,7.0,0.0,False
1775022846.138159,sess-0045-52748e25,react,CASCADE_FAILED,r2,calculate,success,950.45,500,0,,7.0,0.0,False
1775022847.088726,sess-0045-52748e25,react,CASCADE_FAILED,r3,mock_heavy,success,1852.49,500,0,,7.0,0.0,False
1775022848.941336,sess-0045-52748e25,react,CASCADE_FAILED,r4,calculate,error,1007.15,500,,,7.0,0.0,False
1775022848.952809,sess-0106-2477cc75,react,REJECTED_AT_STEP_0,r1,web_fetch,error,1008.73,500,,,0.0,0.0,False
1775022849.083960,sess-0108-f6771db9,react,REJECTED_AT_STEP_0,r1,calculate,error,1006.49,500,,,0.0,0.0,False
1775022849.108891,sess-0110-8b2a7244,react,REJECTED_AT_STEP_0,r1,mock_heavy,error,1007.13,500,,,0.0,0.0,False
1775022846.231848,sess-0059-cc9cd215,react,CASCADE_FAILED,r1,calculate,success,972.74,500,0,,6.0,0.0,False
1775022847.204713,sess-0059-cc9cd215,react,CASCADE_FAILED,r2,mock_heavy,success,1914.34,500,0,,6.0,0.0,False
1775022849.119192,sess-0059-cc9cd215,react,CASCADE_FAILED,r3,mock_heavy,error,1007.46,500,,,6.0,0.0,False
1775022848.229874,sess-0092-cc2c9439,react,CASCADE_FAILED,r1,calculate,success,1016.41,500,0,,1.0,0.0,False
1775022849.246455,sess-0092-cc2c9439,react,CASCADE_FAILED,r2,web_fetch,error,1007.60,500,,,1.0,0.0,False
1775022846.034274,sess-0055-11da9e7c,react,CASCADE_FAILED,r1,calculate,success,979.26,500,0,,3.0,0.0,False
1775022847.013665,sess-0055-11da9e7c,react,CASCADE_FAILED,r2,calculate,success,1009.12,500,0,,3.0,0.0,False
1775022848.022918,sess-0055-11da9e7c,react,CASCADE_FAILED,r3,web_fetch,success,1284.36,500,0,,3.0,0.0,False
1775022849.307417,sess-0055-11da9e7c,react,CASCADE_FAILED,r4,mock_heavy,error,1007.49,500,,,3.0,0.0,False
1775022843.798762,sess-0024-6847b211,react,SUCCESS,r1,mock_heavy,success,1095.16,500,0,,20.0,20.0,False
1775022844.894058,sess-0024-6847b211,react,SUCCESS,r2,mock_heavy,success,1728.82,500,0,,20.0,20.0,False
1775022846.623045,sess-0024-6847b211,react,SUCCESS,r3,mock_heavy,success,1780.63,500,0,,20.0,20.0,False
1775022848.403814,sess-0024-6847b211,react,SUCCESS,r4,mock_heavy,success,1924.25,500,0,,20.0,20.0,False
1775022849.102403,sess-0109-6acc8ea1,react,SUCCESS,r1,web_fetch,success,1287.36,500,0,,1.0,1.0,False
1775022843.840389,sess-0025-c629ce94,react,SUCCESS,r1,mock_heavy,success,1141.80,500,0,,17.0,17.0,False
1775022844.982382,sess-0025-c629ce94,react,SUCCESS,r2,mock_heavy,success,1743.43,500,0,,17.0,17.0,False
1775022846.725950,sess-0025-c629ce94,react,SUCCESS,r3,calculate,success,988.04,500,0,,17.0,17.0,False
1775022847.714164,sess-0025-c629ce94,react,SUCCESS,r4,mock_heavy,success,1921.31,500,0,,17.0,17.0,False
1775022849.635769,sess-0025-c629ce94,react,SUCCESS,r5,calculate,success,947.59,500,0,,17.0,17.0,False
1775022846.293729,sess-0061-b5e40450,react,SUCCESS,r1,web_fetch,success,1152.77,500,0,,7.0,7.0,False
1775022847.446706,sess-0061-b5e40450,react,SUCCESS,r2,web_fetch,success,1220.48,500,0,,7.0,7.0,False
1775022848.667313,sess-0061-b5e40450,react,SUCCESS,r3,mock_heavy,success,1924.87,500,0,,7.0,7.0,False
1775022844.899198,sess-0043-ef78452f,react,SUCCESS,r1,web_fetch,success,1093.28,500,0,,5.0,5.0,False
1775022845.992542,sess-0043-ef78452f,react,SUCCESS,r2,web_fetch,success,1097.42,500,0,,5.0,5.0,False
1775022847.090077,sess-0043-ef78452f,react,SUCCESS,r3,web_fetch,success,1241.25,500,0,,5.0,5.0,False
1775022848.331451,sess-0043-ef78452f,react,SUCCESS,r4,calculate,success,1103.24,500,0,,5.0,5.0,False
1775022849.434906,sess-0043-ef78452f,react,SUCCESS,r5,web_fetch,success,1242.53,500,0,,5.0,5.0,False
1775022847.789991,sess-0086-a877f992,react,SUCCESS,r1,calculate,success,1136.90,500,0,,3.0,3.0,False
1775022848.927055,sess-0086-a877f992,react,SUCCESS,r2,calculate,success,1098.90,500,0,,3.0,3.0,False
1775022850.026078,sess-0086-a877f992,react,SUCCESS,r3,calculate,success,922.72,500,0,,3.0,3.0,False
1775022845.821262,sess-0053-b73e6905,react,CASCADE_FAILED,r1,web_fetch,success,1030.47,500,0,,4.0,0.0,False
1775022846.851858,sess-0053-b73e6905,react,CASCADE_FAILED,r2,web_fetch,success,1117.12,500,0,,4.0,0.0,False
1775022847.969099,sess-0053-b73e6905,react,CASCADE_FAILED,r3,calculate,success,1107.64,500,0,,4.0,0.0,False
1775022849.076857,sess-0053-b73e6905,react,CASCADE_FAILED,r4,calculate,success,1091.51,500,0,,4.0,0.0,False
1775022850.168490,sess-0053-b73e6905,react,CASCADE_FAILED,r5,mock_heavy,error,1007.63,500,,,4.0,0.0,False
1775022850.231112,sess-0122-883127f3,react,REJECTED_AT_STEP_0,r1,web_fetch,error,1008.08,500,,,0.0,0.0,False
1775022850.257737,sess-0123-f589ee35,react,REJECTED_AT_STEP_0,r1,calculate,error,1007.79,500,,,0.0,0.0,False
1775022850.266302,sess-0124-d9a1d22f,react,REJECTED_AT_STEP_0,r1,web_fetch,error,1007.63,500,,,0.0,0.0,False
1775022848.380985,sess-0094-b676c2ba,react,CASCADE_FAILED,r1,mock_heavy,success,1911.44,500,0,,5.0,0.0,False
1775022850.292556,sess-0094-b676c2ba,react,CASCADE_FAILED,r2,web_fetch,error,1007.92,500,,,5.0,0.0,False
1775022847.762851,sess-0085-d3d67a80,react,CASCADE_FAILED,r1,web_fetch,success,1293.84,500,0,,2.0,0.0,False
1775022849.056824,sess-0085-d3d67a80,react,CASCADE_FAILED,r2,web_fetch,success,1250.60,500,0,,2.0,0.0,False
1775022850.307672,sess-0085-d3d67a80,react,CASCADE_FAILED,r3,web_fetch,error,1007.33,500,,,2.0,0.0,False
1775022850.322579,sess-0126-d14d21a6,react,REJECTED_AT_STEP_0,r1,web_fetch,error,1008.35,500,,,0.0,0.0,False
1775022850.284849,sess-0125-70f8bc55,react,CASCADE_FAILED,r1,calculate,success,94.39,500,0,,1.0,0.0,False
1775022850.379387,sess-0125-70f8bc55,react,CASCADE_FAILED,r2,web_fetch,error,1007.70,500,,,1.0,0.0,False
1775022848.325602,sess-0093-ae71b094,react,CASCADE_FAILED,r1,calculate,success,1043.27,500,0,,2.0,0.0,False
1775022849.369003,sess-0093-ae71b094,react,CASCADE_FAILED,r2,calculate,success,1084.71,500,0,,2.0,0.0,False
1775022850.453846,sess-0093-ae71b094,react,CASCADE_FAILED,r3,web_fetch,error,1008.09,500,,,2.0,0.0,False
1775022843.742199,sess-0022-5c2c1c90,react,CASCADE_FAILED,r1,mock_heavy,success,1026.09,500,0,,17.0,0.0,False
1775022844.768430,sess-0022-5c2c1c90,react,CASCADE_FAILED,r2,mock_heavy,success,1776.20,500,0,,17.0,0.0,False
1775022846.544822,sess-0022-5c2c1c90,react,CASCADE_FAILED,r3,calculate,success,929.07,500,0,,17.0,0.0,False
1775022847.474026,sess-0022-5c2c1c90,react,CASCADE_FAILED,r4,mock_heavy,success,1929.33,500,0,,17.0,0.0,False
1775022849.403659,sess-0022-5c2c1c90,react,CASCADE_FAILED,r5,calculate,success,1071.27,500,0,,17.0,0.0,False
1775022850.475132,sess-0022-5c2c1c90,react,CASCADE_FAILED,r6,web_fetch,error,1007.39,500,,,17.0,0.0,False
1775022848.577034,sess-0097-2ff2edfa,react,CASCADE_FAILED,r1,mock_heavy,success,1907.97,500,0,,5.0,0.0,False
1775022850.485130,sess-0097-2ff2edfa,react,CASCADE_FAILED,r2,web_fetch,error,1007.56,500,,,5.0,0.0,False
1775022849.436141,sess-0114-300d1dd5,react,CASCADE_FAILED,r1,calculate,success,1105.47,500,0,,1.0,0.0,False
1775022850.541746,sess-0114-300d1dd5,react,CASCADE_FAILED,r2,mock_heavy,error,1007.85,500,,,1.0,0.0,False
1775022850.572545,sess-0129-74a252d4,react,REJECTED_AT_STEP_0,r1,web_fetch,error,1008.93,500,,,0.0,0.0,False
1775022846.487055,sess-0065-c9625246,react,CASCADE_FAILED,r1,mock_heavy,success,1745.47,500,0,,7.0,0.0,False
1775022848.232645,sess-0065-c9625246,react,CASCADE_FAILED,r2,web_fetch,success,1255.48,500,0,,7.0,0.0,False
1775022849.488242,sess-0065-c9625246,react,CASCADE_FAILED,r3,calculate,success,1093.31,500,0,,7.0,0.0,False
1775022850.582082,sess-0065-c9625246,react,CASCADE_FAILED,r4,mock_heavy,error,1006.85,500,,,7.0,0.0,False
1775022850.621059,sess-0130-437d324b,react,REJECTED_AT_STEP_0,r1,calculate,error,1008.15,500,,,0.0,0.0,False
1775022847.071372,sess-0072-c58ea438,react,SUCCESS,r1,calculate,success,1016.57,500,0,,11.0,11.0,False
1775022848.088075,sess-0072-c58ea438,react,SUCCESS,r2,mock_heavy,success,1906.34,500,0,,11.0,11.0,False
1775022849.994595,sess-0072-c58ea438,react,SUCCESS,r3,mock_heavy,success,1635.11,500,0,,11.0,11.0,False
1775022850.676090,sess-0132-06e4e3f6,react,REJECTED_AT_STEP_0,r1,calculate,error,1006.45,500,,,0.0,0.0,False
1775022849.765262,sess-0118-1dbbb251,react,CASCADE_FAILED,r1,calculate,success,917.05,500,0,,1.0,0.0,False
1775022850.682432,sess-0118-1dbbb251,react,CASCADE_FAILED,r2,mock_heavy,error,1006.65,500,,,1.0,0.0,False
1775022850.685789,sess-0133-aec11767,react,REJECTED_AT_STEP_0,r1,web_fetch,error,1005.80,500,,,0.0,0.0,False
1775022850.714322,sess-0134-b25e580f,react,REJECTED_AT_STEP_0,r1,web_fetch,error,1006.84,500,,,0.0,0.0,False
1775022848.931856,sess-0105-b9e984cd,react,SUCCESS,r1,calculate,success,1102.67,500,0,,6.0,6.0,False
1775022850.034721,sess-0105-b9e984cd,react,SUCCESS,r2,mock_heavy,success,1723.44,500,0,,6.0,6.0,False
1775022845.060165,sess-0044-dd96f1af,react,SUCCESS,r1,calculate,success,889.19,500,0,,10.0,10.0,False
1775022845.949487,sess-0044-dd96f1af,react,SUCCESS,r2,calculate,success,935.72,500,0,,10.0,10.0,False
1775022846.885696,sess-0044-dd96f1af,react,SUCCESS,r3,calculate,success,945.24,500,0,,10.0,10.0,False
1775022847.831067,sess-0044-dd96f1af,react,SUCCESS,r4,calculate,success,1102.07,500,0,,10.0,10.0,False
1775022848.933251,sess-0044-dd96f1af,react,SUCCESS,r5,mock_heavy,success,1932.77,500,0,,10.0,10.0,False
1775022850.866168,sess-0044-dd96f1af,react,SUCCESS,r6,calculate,success,1032.56,500,0,,10.0,10.0,False
1775022848.988481,sess-0107-6ccf5e64,react,SUCCESS,r1,calculate,success,1152.61,500,0,,6.0,6.0,False
1775022850.141221,sess-0107-6ccf5e64,react,SUCCESS,r2,mock_heavy,success,1845.14,500,0,,6.0,6.0,False
1775022849.915499,sess-0119-609047e4,react,SUCCESS,r1,mock_heavy,success,1644.86,500,0,,6.0,6.0,False
1775022851.560483,sess-0119-609047e4,react,SUCCESS,r2,web_fetch,success,872.08,500,0,,6.0,6.0,False
1775022851.573891,sess-0142-9c080430,react,SUCCESS,r1,web_fetch,success,874.30,500,0,,1.0,1.0,False
1775022851.668710,sess-0145-f823cde1,react,SUCCESS,r1,calculate,success,837.51,500,0,,1.0,1.0,False
1775022848.145612,sess-0091-71d73e27,react,SUCCESS,r1,mock_heavy,success,1874.58,500,0,,11.0,11.0,False
1775022850.020326,sess-0091-71d73e27,react,SUCCESS,r2,mock_heavy,success,1623.41,500,0,,11.0,11.0,False
1775022851.643918,sess-0091-71d73e27,react,SUCCESS,r3,web_fetch,success,924.55,500,0,,11.0,11.0,False
1775022851.620708,sess-0143-d9df7514,react,REJECTED_AT_STEP_0,r1,calculate,error,1007.82,500,,,0.0,0.0,False
1775022851.672069,sess-0146-7bf351f0,react,SUCCESS,r1,web_fetch,success,1004.80,500,0,,1.0,1.0,False
1775022849.751413,sess-0117-56794518,react,CASCADE_FAILED,r1,calculate,success,890.09,500,0,,2.0,0.0,False
1775022850.641627,sess-0117-56794518,react,CASCADE_FAILED,r2,web_fetch,success,1226.71,500,0,,2.0,0.0,False
1775022851.868459,sess-0117-56794518,react,CASCADE_FAILED,r3,mock_heavy,error,1007.82,500,,,2.0,0.0,False
1775022849.968162,sess-0120-74039417,react,CASCADE_FAILED,r1,web_fetch,success,947.65,500,0,,2.0,0.0,False
1775022850.915950,sess-0120-74039417,react,CASCADE_FAILED,r2,calculate,success,1045.89,500,0,,2.0,0.0,False
1775022851.961963,sess-0120-74039417,react,CASCADE_FAILED,r3,calculate,error,1007.04,500,,,2.0,0.0,False
1775022850.933354,sess-0136-58471b68,react,CASCADE_FAILED,r1,calculate,success,1043.40,500,0,,1.0,0.0,False
1775022851.976882,sess-0136-58471b68,react,CASCADE_FAILED,r2,web_fetch,error,1008.11,500,,,1.0,0.0,False
1775022851.990002,sess-0152-f0300a18,react,REJECTED_AT_STEP_0,r1,mock_heavy,error,1006.89,500,,,0.0,0.0,False
1775022847.946043,sess-0088-41d8d858,react,CASCADE_FAILED,r1,calculate,success,1118.07,500,0,,7.0,0.0,False
1775022849.064245,sess-0088-41d8d858,react,CASCADE_FAILED,r2,calculate,success,1098.34,500,0,,7.0,0.0,False
1775022850.162713,sess-0088-41d8d858,react,CASCADE_FAILED,r3,mock_heavy,success,1862.08,500,0,,7.0,0.0,False
1775022852.024926,sess-0088-41d8d858,react,CASCADE_FAILED,r4,calculate,error,1007.41,500,,,7.0,0.0,False
1775022850.437553,sess-0127-4e70a986,react,SUCCESS,r1,mock_heavy,success,1839.28,500,0,,6.0,6.0,False
1775022852.276986,sess-0127-4e70a986,react,SUCCESS,r2,calculate,success,1036.22,500,0,,6.0,6.0,False
1775022850.982589,sess-0137-fa4be53f,react,SUCCESS,r1,web_fetch,success,1158.47,500,0,,2.0,2.0,False
1775022852.141273,sess-0137-fa4be53f,react,SUCCESS,r2,web_fetch,success,1198.82,500,0,,2.0,2.0,False
1775022848.092706,sess-0089-820715a5,react,SUCCESS,r1,calculate,success,1112.80,500,0,,8.0,8.0,False
1775022849.205634,sess-0089-820715a5,react,SUCCESS,r2,mock_heavy,success,1905.60,500,0,,8.0,8.0,False
1775022851.111420,sess-0089-820715a5,react,SUCCESS,r3,web_fetch,success,1094.38,500,0,,8.0,8.0,False
1775022852.205944,sess-0089-820715a5,react,SUCCESS,r4,web_fetch,success,1145.17,500,0,,8.0,8.0,False
1775022848.136036,sess-0090-bab4dbe4,react,SUCCESS,r1,calculate,success,1074.83,500,0,,8.0,8.0,False
1775022849.210994,sess-0090-bab4dbe4,react,SUCCESS,r2,web_fetch,success,1257.61,500,0,,8.0,8.0,False
1775022850.468730,sess-0090-bab4dbe4,react,SUCCESS,r3,mock_heavy,success,1883.26,500,0,,8.0,8.0,False
1775022852.352112,sess-0090-bab4dbe4,react,SUCCESS,r4,web_fetch,success,1201.67,500,0,,8.0,8.0,False
1775022851.064462,sess-0138-de0ad8e6,react,SUCCESS,r1,mock_heavy,success,1748.31,500,0,,6.0,6.0,False
1775022852.812900,sess-0138-de0ad8e6,react,SUCCESS,r2,calculate,success,947.20,500,0,,6.0,6.0,False
1775022852.798881,sess-0163-4d59362b,react,SUCCESS,r1,web_fetch,success,1053.14,500,0,,1.0,1.0,False
1775022849.503813,sess-0115-12f7885b,react,SUCCESS,r1,web_fetch,success,1241.98,500,0,,4.0,4.0,False
1775022850.745923,sess-0115-12f7885b,react,SUCCESS,r2,calculate,success,1082.74,500,0,,4.0,4.0,False
1775022851.828786,sess-0115-12f7885b,react,SUCCESS,r3,web_fetch,success,1144.40,500,0,,4.0,4.0,False
1775022852.973315,sess-0115-12f7885b,react,SUCCESS,r4,calculate,success,981.31,500,0,,4.0,4.0,False
1775022851.095243,sess-0139-391aacab,react,CASCADE_FAILED,r1,calculate,success,951.26,500,0,,2.0,0.0,False
1775022852.046631,sess-0139-391aacab,react,CASCADE_FAILED,r2,calculate,success,1070.90,500,0,,2.0,0.0,False
1775022853.117657,sess-0139-391aacab,react,CASCADE_FAILED,r3,calculate,error,1007.46,500,,,2.0,0.0,False
1775022849.132958,sess-0111-bf2d7dd7,react,CASCADE_FAILED,r1,web_fetch,success,1312.64,500,0,,7.0,0.0,False
1775022850.445731,sess-0111-bf2d7dd7,react,CASCADE_FAILED,r2,web_fetch,success,1191.54,500,0,,7.0,0.0,False
1775022851.637401,sess-0111-bf2d7dd7,react,CASCADE_FAILED,r3,mock_heavy,success,1507.55,500,0,,7.0,0.0,False
1775022853.145085,sess-0111-bf2d7dd7,react,CASCADE_FAILED,r4,calculate,error,1008.35,500,,,7.0,0.0,False
1775022853.161631,sess-0171-50abc6be,react,REJECTED_AT_STEP_0,r1,web_fetch,error,1010.90,500,,,0.0,0.0,False
1775022853.164631,sess-0172-d4e93421,react,REJECTED_AT_STEP_0,r1,web_fetch,error,1008.66,500,,,0.0,0.0,False
1775022848.615101,sess-0098-ab0c04b5,react,SUCCESS,r1,web_fetch,success,1278.10,500,0,,5.0,5.0,False
1775022849.893321,sess-0098-ab0c04b5,react,SUCCESS,r2,calculate,success,777.91,500,0,,5.0,5.0,False
1775022850.671364,sess-0098-ab0c04b5,react,SUCCESS,r3,web_fetch,success,1210.19,500,0,,5.0,5.0,False
1775022851.881675,sess-0098-ab0c04b5,react,SUCCESS,r4,web_fetch,success,1225.10,500,0,,5.0,5.0,False
1775022853.106973,sess-0098-ab0c04b5,react,SUCCESS,r5,calculate,success,1087.85,500,0,,5.0,5.0,False
1775022853.232153,sess-0174-1bb9f3fe,react,REJECTED_AT_STEP_0,r1,mock_heavy,error,1011.33,500,,,0.0,0.0,False
1775022851.645150,sess-0144-92973916,react,CASCADE_FAILED,r1,mock_heavy,success,1589.26,500,0,,5.0,0.0,False
1775022853.234535,sess-0144-92973916,react,CASCADE_FAILED,r2,calculate,error,1009.64,500,,,5.0,0.0,False
1775022851.735170,sess-0147-c4e1f690,react,CASCADE_FAILED,r1,mock_heavy,success,1638.44,500,0,,5.0,0.0,False
1775022853.373729,sess-0147-c4e1f690,react,CASCADE_FAILED,r2,calculate,error,1007.76,500,,,5.0,0.0,False
1775022853.396326,sess-0177-fcf93e7c,react,REJECTED_AT_STEP_0,r1,mock_heavy,error,1007.74,500,,,0.0,0.0,False
1775022852.523632,sess-0158-9f14fa82,react,CASCADE_FAILED,r1,calculate,success,1002.82,500,0,,1.0,0.0,False
1775022853.526590,sess-0158-9f14fa82,react,CASCADE_FAILED,r2,calculate,error,1007.03,500,,,1.0,0.0,False
1775022851.553335,sess-0141-3b6aafd7,react,SUCCESS,r1,web_fetch,success,808.93,500,0,,3.0,3.0,False
1775022852.362385,sess-0141-3b6aafd7,react,SUCCESS,r2,calculate,success,1068.87,500,0,,3.0,3.0,False
1775022853.431392,sess-0141-3b6aafd7,react,SUCCESS,r3,calculate,success,1108.65,500,0,,3.0,3.0,False
1775022851.810669,sess-0150-f536e588,react,CASCADE_FAILED,r1,calculate,success,941.41,500,0,,2.0,0.0,False
1775022852.752208,sess-0150-f536e588,react,CASCADE_FAILED,r2,calculate,success,897.73,500,0,,2.0,0.0,False
1775022853.650067,sess-0150-f536e588,react,CASCADE_FAILED,r3,web_fetch,error,1007.44,500,,,2.0,0.0,False
1775022853.655445,sess-0181-1cf1cb86,react,REJECTED_AT_STEP_0,r1,web_fetch,error,1007.13,500,,,0.0,0.0,False
1775022850.658071,sess-0131-b97c70aa,react,CASCADE_FAILED,r1,calculate,success,1070.59,500,0,,3.0,0.0,False
1775022851.728777,sess-0131-b97c70aa,react,CASCADE_FAILED,r2,calculate,success,793.43,500,0,,3.0,0.0,False
1775022852.522329,sess-0131-b97c70aa,react,CASCADE_FAILED,r3,web_fetch,success,1141.74,500,0,,3.0,0.0,False
1775022853.664274,sess-0131-b97c70aa,react,CASCADE_FAILED,r4,calculate,error,1009.12,500,,,3.0,0.0,False
1775022853.665368,sess-0182-b796136f,react,REJECTED_AT_STEP_0,r1,calculate,error,1009.01,500,,,0.0,0.0,False
1775022852.542028,sess-0159-c0cfbe99,react,CASCADE_FAILED,r1,web_fetch,success,1141.80,500,0,,1.0,0.0,False
1775022853.683953,sess-0159-c0cfbe99,react,CASCADE_FAILED,r2,calculate,error,1007.19,500,,,1.0,0.0,False
1775022847.737376,sess-0084-2b648651,react,CASCADE_FAILED,r1,calculate,success,1134.65,500,0,,12.0,0.0,False
1775022848.872341,sess-0084-2b648651,react,CASCADE_FAILED,r2,web_fetch,success,1224.75,500,0,,12.0,0.0,False
1775022850.097225,sess-0084-2b648651,react,CASCADE_FAILED,r3,mock_heavy,success,1734.63,500,0,,12.0,0.0,False
1775022851.831970,sess-0084-2b648651,react,CASCADE_FAILED,r4,mock_heavy,success,1853.76,500,0,,12.0,0.0,False
1775022853.685853,sess-0084-2b648651,react,CASCADE_FAILED,r5,calculate,error,1006.73,500,,,12.0,0.0,False
1775022853.615127,sess-0179-5262d151,react,SUCCESS,r1,web_fetch,success,1249.07,500,0,,1.0,1.0,False
1775022853.979385,sess-0184-b0453c20,react,REJECTED_AT_STEP_0,r1,mock_heavy,error,1007.93,500,,,0.0,0.0,False
1775022854.000363,sess-0185-c3116974,react,REJECTED_AT_STEP_0,r1,web_fetch,error,1007.12,500,,,0.0,0.0,False
1775022849.641398,sess-0116-2cec603f,react,CASCADE_FAILED,r1,mock_heavy,success,1751.55,500,0,,11.0,0.0,False
1775022851.393077,sess-0116-2cec603f,react,CASCADE_FAILED,r2,web_fetch,success,832.58,500,0,,11.0,0.0,False
1775022852.225777,sess-0116-2cec603f,react,CASCADE_FAILED,r3,mock_heavy,success,1803.25,500,0,,11.0,0.0,False
1775022854.029219,sess-0116-2cec603f,react,CASCADE_FAILED,r4,web_fetch,error,1007.59,500,,,11.0,0.0,False
1775022847.731966,sess-0083-5359e0a2,react,CASCADE_FAILED,r1,mock_heavy,success,1926.99,500,0,,16.0,0.0,False
1775022849.659077,sess-0083-5359e0a2,react,CASCADE_FAILED,r2,mock_heavy,success,1745.14,500,0,,16.0,0.0,False
1775022851.404349,sess-0083-5359e0a2,react,CASCADE_FAILED,r3,mock_heavy,success,1508.37,500,0,,16.0,0.0,False
1775022852.912858,sess-0083-5359e0a2,react,CASCADE_FAILED,r4,web_fetch,success,1123.98,500,0,,16.0,0.0,False
1775022854.036964,sess-0083-5359e0a2,react,CASCADE_FAILED,r5,calculate,error,1007.30,500,,,16.0,0.0,False
1775022853.005710,sess-0167-b193d402,react,CASCADE_FAILED,r1,calculate,success,1041.42,500,0,,1.0,0.0,False
1775022854.047256,sess-0167-b193d402,react,CASCADE_FAILED,r2,web_fetch,error,1007.06,500,,,1.0,0.0,False
1775022854.073393,sess-0186-a3fd5425,react,REJECTED_AT_STEP_0,r1,web_fetch,error,1007.97,500,,,0.0,0.0,False
1775022852.979202,sess-0166-06fcfce5,react,SUCCESS,r1,calculate,success,1008.51,500,0,,2.0,2.0,False
1775022853.987849,sess-0166-06fcfce5,react,SUCCESS,r2,calculate,success,1141.22,500,0,,2.0,2.0,False
1775022848.629487,sess-0101-14d74625,react,CASCADE_FAILED,r1,web_fetch,success,1293.35,500,0,,5.0,0.0,False
1775022849.922959,sess-0101-14d74625,react,CASCADE_FAILED,r2,calculate,success,841.14,500,0,,5.0,0.0,False
1775022850.764224,sess-0101-14d74625,react,CASCADE_FAILED,r3,calculate,success,1093.93,500,0,,5.0,0.0,False
1775022851.858274,sess-0101-14d74625,react,CASCADE_FAILED,r4,web_fetch,success,1180.74,500,0,,5.0,0.0,False
1775022853.039133,sess-0101-14d74625,react,CASCADE_FAILED,r5,web_fetch,success,1239.48,500,0,,5.0,0.0,False
1775022854.278745,sess-0101-14d74625,react,CASCADE_FAILED,r6,mock_heavy,error,1007.47,500,,,5.0,0.0,False
1775022851.970465,sess-0151-a15b19e4,react,CASCADE_FAILED,r1,calculate,success,1077.65,500,0,,2.0,0.0,False
1775022853.048235,sess-0151-a15b19e4,react,CASCADE_FAILED,r2,web_fetch,success,1237.67,500,0,,2.0,0.0,False
1775022854.286036,sess-0151-a15b19e4,react,CASCADE_FAILED,r3,mock_heavy,error,1006.67,500,,,2.0,0.0,False
1775022853.213328,sess-0173-c6fd3319,react,CASCADE_FAILED,r1,calculate,success,1085.94,500,0,,1.0,0.0,False
1775022854.299426,sess-0173-c6fd3319,react,CASCADE_FAILED,r2,web_fetch,error,1006.62,500,,,1.0,0.0,False
1775022854.311920,sess-0190-f6dd4916,react,REJECTED_AT_STEP_0,r1,calculate,error,1006.61,500,,,0.0,0.0,False
1775022854.319235,sess-0191-5d7a7c58,react,REJECTED_AT_STEP_0,r1,calculate,error,1007.22,500,,,0.0,0.0,False
1775022852.730620,sess-0162-c7de85d6,react,CASCADE_FAILED,r1,mock_heavy,success,1716.38,500,0,,5.0,0.0,False
1775022854.447128,sess-0162-c7de85d6,react,CASCADE_FAILED,r2,calculate,error,1006.52,500,,,5.0,0.0,False
1775022852.425990,sess-0157-3b3e0e2e,react,CASCADE_FAILED,r1,calculate,success,1015.73,500,0,,2.0,0.0,False
1775022853.441837,sess-0157-3b3e0e2e,react,CASCADE_FAILED,r2,web_fetch,success,1262.85,500,0,,2.0,0.0,False
1775022854.704817,sess-0157-3b3e0e2e,react,CASCADE_FAILED,r3,web_fetch,error,1008.26,500,,,2.0,0.0,False
1775022853.626625,sess-0180-43fecf0e,react,CASCADE_FAILED,r1,calculate,success,1091.96,500,0,,1.0,0.0,False
1775022854.718763,sess-0180-43fecf0e,react,CASCADE_FAILED,r2,web_fetch,error,1007.66,500,,,1.0,0.0,False
1775022854.722429,sess-0195-47603efa,react,REJECTED_AT_STEP_0,r1,mock_heavy,error,1006.72,500,,,0.0,0.0,False
1775022854.752062,sess-0196-fbe6cbad,react,REJECTED_AT_STEP_0,r1,calculate,error,1007.06,500,,,0.0,0.0,False
1775022853.024715,sess-0169-0dc46752,react,SUCCESS,r1,calculate,success,1067.34,500,0,,6.0,6.0,False
1775022854.092229,sess-0169-0dc46752,react,SUCCESS,r2,mock_heavy,success,1940.02,500,0,,6.0,6.0,False
1775022847.495476,sess-0079-c218667b,react,SUCCESS,r1,web_fetch,success,1274.15,500,0,,11.0,11.0,False
1775022848.769758,sess-0079-c218667b,react,SUCCESS,r2,calculate,success,1128.89,500,0,,11.0,11.0,False
1775022849.898772,sess-0079-c218667b,react,SUCCESS,r3,web_fetch,success,975.80,500,0,,11.0,11.0,False
1775022850.874708,sess-0079-c218667b,react,SUCCESS,r4,calculate,success,1054.05,500,0,,11.0,11.0,False
1775022851.928880,sess-0079-c218667b,react,SUCCESS,r5,mock_heavy,success,1855.30,500,0,,11.0,11.0,False
1775022853.784311,sess-0079-c218667b,react,SUCCESS,r6,web_fetch,success,1207.95,500,0,,11.0,11.0,False
1775022854.992388,sess-0079-c218667b,react,SUCCESS,r7,web_fetch,success,1151.99,500,0,,11.0,11.0,False
1775022852.048017,sess-0154-01de666f,react,CASCADE_FAILED,r1,web_fetch,success,1233.82,500,0,,6.0,0.0,False
1775022853.282005,sess-0154-01de666f,react,CASCADE_FAILED,r2,mock_heavy,success,1902.80,500,0,,6.0,0.0,False
1775022855.184934,sess-0154-01de666f,react,CASCADE_FAILED,r3,mock_heavy,error,1007.56,500,,,6.0,0.0,False
1775022854.186885,sess-0187-248ec080,react,CASCADE_FAILED,r1,web_fetch,success,1243.15,500,0,,1.0,0.0,False
1775022855.430147,sess-0187-248ec080,react,CASCADE_FAILED,r2,web_fetch,error,1007.34,500,,,1.0,0.0,False
1775022851.333753,sess-0140-09467f1a,react,CASCADE_FAILED,r1,web_fetch,success,884.33,500,0,,8.0,0.0,False
1775022852.218216,sess-0140-09467f1a,react,CASCADE_FAILED,r2,web_fetch,success,240.72,500,0,,8.0,0.0,False
1775022852.459060,sess-0140-09467f1a,react,CASCADE_FAILED,r3,mock_heavy,success,1801.84,500,0,,8.0,0.0,False
1775022854.261116,sess-0140-09467f1a,react,CASCADE_FAILED,r4,web_fetch,success,1195.43,500,0,,8.0,0.0,False
1775022855.456666,sess-0140-09467f1a,react,CASCADE_FAILED,r5,calculate,error,1006.52,500,,,8.0,0.0,False
1775022851.782789,sess-0148-4a805cb5,react,CASCADE_FAILED,r1,calculate,success,805.81,500,0,,7.0,0.0,False
1775022852.588742,sess-0148-4a805cb5,react,CASCADE_FAILED,r2,calculate,success,969.86,500,0,,7.0,0.0,False
1775022853.558725,sess-0148-4a805cb5,react,CASCADE_FAILED,r3,mock_heavy,success,1904.19,500,0,,7.0,0.0,False
1775022855.463089,sess-0148-4a805cb5,react,CASCADE_FAILED,r4,web_fetch,error,1006.81,500,,,7.0,0.0,False
1775022851.787426,sess-0149-78846dd3,react,SUCCESS,r1,mock_heavy,success,1652.71,500,0,,11.0,11.0,False
1775022853.440257,sess-0149-78846dd3,react,SUCCESS,r2,mock_heavy,success,1903.94,500,0,,11.0,11.0,False
1775022855.344318,sess-0149-78846dd3,react,SUCCESS,r3,web_fetch,success,1179.89,500,0,,11.0,11.0,False
1775022852.661663,sess-0161-4b4ef4cf,react,CASCADE_FAILED,r1,mock_heavy,success,1758.26,500,0,,6.0,0.0,False
1775022854.420046,sess-0161-4b4ef4cf,react,CASCADE_FAILED,r2,web_fetch,success,1264.86,500,0,,6.0,0.0,False
1775022855.685042,sess-0161-4b4ef4cf,react,CASCADE_FAILED,r3,mock_heavy,error,1007.61,500,,,6.0,0.0,False
1775022854.625980,sess-0193-3715c566,react,CASCADE_FAILED,r1,web_fetch,success,1258.89,500,0,,1.0,0.0,False
1775022855.885046,sess-0193-3715c566,react,CASCADE_FAILED,r2,calculate,error,1008.08,500,,,1.0,0.0,False
1775022847.877752,sess-0087-75dca0cf,react,SUCCESS,r1,mock_heavy,success,1931.61,500,0,,22.0,22.0,False
1775022849.809477,sess-0087-75dca0cf,react,SUCCESS,r2,mock_heavy,success,1661.59,500,0,,22.0,22.0,False
1775022851.471190,sess-0087-75dca0cf,react,SUCCESS,r3,mock_heavy,success,1459.19,500,0,,22.0,22.0,False
1775022852.930517,sess-0087-75dca0cf,react,SUCCESS,r4,calculate,success,1021.38,500,0,,22.0,22.0,False
1775022853.952024,sess-0087-75dca0cf,react,SUCCESS,r5,calculate,success,1132.35,500,0,,22.0,22.0,False
1775022855.084508,sess-0087-75dca0cf,react,SUCCESS,r6,mock_heavy,success,1809.40,500,0,,22.0,22.0,False
1775022852.331692,sess-0155-b7900504,react,SUCCESS,r1,web_fetch,success,1140.84,500,0,,4.0,4.0,False
1775022853.472660,sess-0155-b7900504,react,SUCCESS,r2,calculate,success,1101.47,500,0,,4.0,4.0,False
1775022854.574330,sess-0155-b7900504,react,SUCCESS,r3,web_fetch,success,1195.33,500,0,,4.0,4.0,False
1775022855.769796,sess-0155-b7900504,react,SUCCESS,r4,web_fetch,success,1135.98,500,0,,4.0,4.0,False
1775022852.858200,sess-0165-185f220c,react,SUCCESS,r1,web_fetch,success,1082.42,500,0,,7.0,7.0,False
1775022853.940754,sess-0165-185f220c,react,SUCCESS,r2,web_fetch,success,1210.42,500,0,,7.0,7.0,False
1775022855.151295,sess-0165-185f220c,react,SUCCESS,r3,mock_heavy,success,1885.44,500,0,,7.0,7.0,False
1775022853.429857,sess-0178-4b05b3f9,react,SUCCESS,r1,mock_heavy,success,1899.36,500,0,,7.0,7.0,False
1775022855.329337,sess-0178-4b05b3f9,react,SUCCESS,r2,web_fetch,success,1159.34,500,0,,7.0,7.0,False
1775022856.488801,sess-0178-4b05b3f9,react,SUCCESS,r3,calculate,success,639.71,500,0,,7.0,7.0,False
1775022853.021176,sess-0168-d1476cf8,react,SUCCESS,r1,mock_heavy,success,1835.01,500,0,,11.0,11.0,False
1775022854.856320,sess-0168-d1476cf8,react,SUCCESS,r2,mock_heavy,success,1846.63,500,0,,11.0,11.0,False
1775022856.703080,sess-0168-d1476cf8,react,SUCCESS,r3,calculate,success,474.77,500,0,,11.0,11.0,False
1775022852.630145,sess-0160-f32f2c20,react,SUCCESS,r1,calculate,success,975.40,500,0,,8.0,8.0,False
1775022853.605707,sess-0160-f32f2c20,react,SUCCESS,r2,mock_heavy,success,1891.51,500,0,,8.0,8.0,False
1775022855.497337,sess-0160-f32f2c20,react,SUCCESS,r3,calculate,success,1039.96,500,0,,8.0,8.0,False
1775022856.537427,sess-0160-f32f2c20,react,SUCCESS,r4,web_fetch,success,770.78,500,0,,8.0,8.0,False
1775022850.079440,sess-0121-a5b9913a,react,SUCCESS,r1,web_fetch,success,1074.09,500,0,,14.0,14.0,False
1775022851.153669,sess-0121-a5b9913a,react,SUCCESS,r2,mock_heavy,success,1727.54,500,0,,14.0,14.0,False
1775022852.881338,sess-0121-a5b9913a,react,SUCCESS,r3,calculate,success,978.47,500,0,,14.0,14.0,False
1775022853.859938,sess-0121-a5b9913a,react,SUCCESS,r4,mock_heavy,success,1934.66,500,0,,14.0,14.0,False
1775022855.794719,sess-0121-a5b9913a,react,SUCCESS,r5,calculate,success,1029.35,500,0,,14.0,14.0,False
1775022856.824204,sess-0121-a5b9913a,react,SUCCESS,r6,web_fetch,success,573.82,500,0,,14.0,14.0,False
1775022853.302852,sess-0175-e105596a,react,SUCCESS,r1,calculate,success,1103.42,500,0,,5.0,5.0,False
1775022854.406452,sess-0175-e105596a,react,SUCCESS,r2,web_fetch,success,1200.57,500,0,,5.0,5.0,False
1775022855.607147,sess-0175-e105596a,react,SUCCESS,r3,web_fetch,success,1148.32,500,0,,5.0,5.0,False
1775022856.755708,sess-0175-e105596a,react,SUCCESS,r4,web_fetch,success,586.63,500,0,,5.0,5.0,False
1775022857.342486,sess-0175-e105596a,react,SUCCESS,r5,calculate,success,145.32,500,0,,5.0,5.0,False
1775022850.570329,sess-0128-4c813b77,react,SUCCESS,r1,web_fetch,success,1228.65,500,0,,11.0,11.0,False
1775022851.799105,sess-0128-4c813b77,react,SUCCESS,r2,web_fetch,success,1011.23,500,0,,11.0,11.0,False
1775022852.810464,sess-0128-4c813b77,react,SUCCESS,r3,web_fetch,success,1081.78,500,0,,11.0,11.0,False
1775022853.892375,sess-0128-4c813b77,react,SUCCESS,r4,web_fetch,success,1255.70,500,0,,11.0,11.0,False
1775022855.148282,sess-0128-4c813b77,react,SUCCESS,r5,mock_heavy,success,1797.67,500,0,,11.0,11.0,False
1775022856.946080,sess-0128-4c813b77,react,SUCCESS,r6,web_fetch,success,532.21,500,0,,11.0,11.0,False
1775022857.478425,sess-0128-4c813b77,react,SUCCESS,r7,calculate,success,68.14,500,0,,11.0,11.0,False
1775022850.906357,sess-0135-f06dbbea,react,SUCCESS,r1,calculate,success,1029.89,500,0,,10.0,10.0,False
1775022851.936369,sess-0135-f06dbbea,react,SUCCESS,r2,calculate,success,1064.66,500,0,,10.0,10.0,False
1775022853.001153,sess-0135-f06dbbea,react,SUCCESS,r3,web_fetch,success,1179.85,500,0,,10.0,10.0,False
1775022854.181069,sess-0135-f06dbbea,react,SUCCESS,r4,web_fetch,success,1225.30,500,0,,10.0,10.0,False
1775022855.406551,sess-0135-f06dbbea,react,SUCCESS,r5,mock_heavy,success,1862.80,500,0,,10.0,10.0,False
1775022857.269542,sess-0135-f06dbbea,react,SUCCESS,r6,web_fetch,success,298.13,500,0,,10.0,10.0,False
1775022852.851398,sess-0164-681764a6,react,SUCCESS,r1,mock_heavy,success,1733.47,500,0,,13.0,13.0,False
1775022854.584999,sess-0164-681764a6,react,SUCCESS,r2,mock_heavy,success,1885.96,500,0,,13.0,13.0,False
1775022856.471084,sess-0164-681764a6,react,SUCCESS,r3,web_fetch,success,749.03,500,0,,13.0,13.0,False
1775022857.220259,sess-0164-681764a6,react,SUCCESS,r4,web_fetch,success,338.82,500,0,,13.0,13.0,False
1775022857.559203,sess-0164-681764a6,react,SUCCESS,r5,calculate,success,122.78,500,0,,13.0,13.0,False
1775022853.085094,sess-0170-9f724c2e,react,SUCCESS,r1,mock_heavy,success,1868.27,500,0,,13.0,13.0,False
1775022854.953511,sess-0170-9f724c2e,react,SUCCESS,r2,mock_heavy,success,1817.93,500,0,,13.0,13.0,False
1775022856.771724,sess-0170-9f724c2e,react,SUCCESS,r3,web_fetch,success,583.59,500,0,,13.0,13.0,False
1775022857.355441,sess-0170-9f724c2e,react,SUCCESS,r4,calculate,success,140.42,500,0,,13.0,13.0,False
1775022857.495984,sess-0170-9f724c2e,react,SUCCESS,r5,web_fetch,success,207.35,500,0,,13.0,13.0,False
1775022854.694161,sess-0194-f0062950,react,SUCCESS,r1,calculate,success,1094.76,500,0,,7.0,7.0,False
1775022855.789051,sess-0194-f0062950,react,SUCCESS,r2,mock_heavy,success,1816.28,500,0,,7.0,7.0,False
1775022857.605469,sess-0194-f0062950,react,SUCCESS,r3,web_fetch,success,232.64,500,0,,7.0,7.0,False
1775022852.350891,sess-0156-bb3aa4d4,react,SUCCESS,r1,web_fetch,success,1167.93,500,0,,10.0,10.0,False
1775022853.519001,sess-0156-bb3aa4d4,react,SUCCESS,r2,calculate,success,1067.31,500,0,,10.0,10.0,False
1775022854.586426,sess-0156-bb3aa4d4,react,SUCCESS,r3,web_fetch,success,1271.58,500,0,,10.0,10.0,False
1775022855.858141,sess-0156-bb3aa4d4,react,SUCCESS,r4,mock_heavy,success,1819.49,500,0,,10.0,10.0,False
1775022857.677770,sess-0156-bb3aa4d4,react,SUCCESS,r5,web_fetch,success,177.34,500,0,,10.0,10.0,False
1775022857.855235,sess-0156-bb3aa4d4,react,SUCCESS,r6,web_fetch,success,158.38,500,0,,10.0,10.0,False
1775022855.139912,sess-0199-5ee49251,react,SUCCESS,r1,mock_heavy,success,1784.23,500,0,,10.0,10.0,False
1775022856.924265,sess-0199-5ee49251,react,SUCCESS,r2,mock_heavy,success,1164.50,500,0,,10.0,10.0,False
1775022854.292602,sess-0189-fc4b2659,react,SUCCESS,r1,calculate,success,134.85,500,0,,14.0,14.0,False
1775022854.427622,sess-0189-fc4b2659,react,SUCCESS,r2,calculate,success,1124.21,500,0,,14.0,14.0,False
1775022855.551963,sess-0189-fc4b2659,react,SUCCESS,r3,mock_heavy,success,1804.96,500,0,,14.0,14.0,False
1775022857.357112,sess-0189-fc4b2659,react,SUCCESS,r4,calculate,success,148.37,500,0,,14.0,14.0,False
1775022857.505642,sess-0189-fc4b2659,react,SUCCESS,r5,calculate,success,60.46,500,0,,14.0,14.0,False
1775022857.566226,sess-0189-fc4b2659,react,SUCCESS,r6,mock_heavy,success,920.43,500,0,,14.0,14.0,False
1775022854.839753,sess-0197-e920728b,react,SUCCESS,r1,calculate,success,1048.38,500,0,,10.0,10.0,False
1775022855.888258,sess-0197-e920728b,react,SUCCESS,r2,web_fetch,success,1208.38,500,0,,10.0,10.0,False
1775022857.096775,sess-0197-e920728b,react,SUCCESS,r3,calculate,success,276.89,500,0,,10.0,10.0,False
1775022857.373861,sess-0197-e920728b,react,SUCCESS,r4,mock_heavy,success,942.65,500,0,,10.0,10.0,False
1775022858.316643,sess-0197-e920728b,react,SUCCESS,r5,web_fetch,success,158.32,500,0,,10.0,10.0,False
1775022858.475104,sess-0197-e920728b,react,SUCCESS,r6,web_fetch,success,158.41,500,0,,10.0,10.0,False
1775022853.317121,sess-0176-e921c147,react,SUCCESS,r1,calculate,success,1096.76,500,0,,17.0,17.0,False
1775022854.414006,sess-0176-e921c147,react,SUCCESS,r2,mock_heavy,success,1853.81,500,0,,17.0,17.0,False
1775022856.267959,sess-0176-e921c147,react,SUCCESS,r3,mock_heavy,success,1521.33,500,0,,17.0,17.0,False
1775022857.789424,sess-0176-e921c147,react,SUCCESS,r4,web_fetch,success,158.83,500,0,,17.0,17.0,False
1775022857.948392,sess-0176-e921c147,react,SUCCESS,r5,mock_heavy,success,809.42,500,0,,17.0,17.0,False
1775022854.471435,sess-0192-12571af1,react,SUCCESS,r1,mock_heavy,success,1925.15,500,0,,15.0,15.0,False
1775022856.396725,sess-0192-12571af1,react,SUCCESS,r2,web_fetch,success,768.41,500,0,,15.0,15.0,False
1775022857.165258,sess-0192-12571af1,react,SUCCESS,r3,calculate,success,240.67,500,0,,15.0,15.0,False
1775022857.406106,sess-0192-12571af1,react,SUCCESS,r4,web_fetch,success,279.26,500,0,,15.0,15.0,False
1775022857.685484,sess-0192-12571af1,react,SUCCESS,r5,calculate,success,105.65,500,0,,15.0,15.0,False
1775022857.791265,sess-0192-12571af1,react,SUCCESS,r6,mock_heavy,success,848.79,500,0,,15.0,15.0,False
1775022858.640180,sess-0192-12571af1,react,SUCCESS,r7,web_fetch,success,158.01,500,0,,15.0,15.0,False
1775022854.993586,sess-0198-88c50d9d,react,SUCCESS,r1,calculate,success,1008.12,500,0,,13.0,13.0,False
1775022856.001880,sess-0198-88c50d9d,react,SUCCESS,r2,calculate,success,956.27,500,0,,13.0,13.0,False
1775022856.958339,sess-0198-88c50d9d,react,SUCCESS,r3,web_fetch,success,554.72,500,0,,13.0,13.0,False
1775022857.513179,sess-0198-88c50d9d,react,SUCCESS,r4,mock_heavy,success,859.81,500,0,,13.0,13.0,False
1775022858.373128,sess-0198-88c50d9d,react,SUCCESS,r5,mock_heavy,success,809.22,500,0,,13.0,13.0,False
1775022853.838963,sess-0183-b17b6ce9,react,SUCCESS,r1,calculate,success,1022.38,500,0,,14.0,14.0,False
1775022854.861482,sess-0183-b17b6ce9,react,SUCCESS,r2,web_fetch,success,1196.19,500,0,,14.0,14.0,False
1775022856.057811,sess-0183-b17b6ce9,react,SUCCESS,r3,calculate,success,914.84,500,0,,14.0,14.0,False
1775022856.972778,sess-0183-b17b6ce9,react,SUCCESS,r4,web_fetch,success,551.85,500,0,,14.0,14.0,False
1775022857.524752,sess-0183-b17b6ce9,react,SUCCESS,r5,mock_heavy,success,849.80,500,0,,14.0,14.0,False
1775022858.374673,sess-0183-b17b6ce9,react,SUCCESS,r6,mock_heavy,success,809.20,500,0,,14.0,14.0,False
1775022852.001473,sess-0153-fb1353c2,react,SUCCESS,r1,web_fetch,success,1229.26,500,0,,19.0,19.0,False
1775022853.230942,sess-0153-fb1353c2,react,SUCCESS,r2,web_fetch,success,1228.89,500,0,,19.0,19.0,False
1775022854.459955,sess-0153-fb1353c2,react,SUCCESS,r3,calculate,success,1125.34,500,0,,19.0,19.0,False
1775022855.585435,sess-0153-fb1353c2,react,SUCCESS,r4,mock_heavy,success,1806.95,500,0,,19.0,19.0,False
1775022857.392512,sess-0153-fb1353c2,react,SUCCESS,r5,mock_heavy,success,929.40,500,0,,19.0,19.0,False
1775022858.322036,sess-0153-fb1353c2,react,SUCCESS,r6,mock_heavy,success,809.00,500,0,,19.0,19.0,False
1775022859.131182,sess-0153-fb1353c2,react,SUCCESS,r7,web_fetch,success,158.69,500,0,,19.0,19.0,False
1775022854.241547,sess-0188-7509c5a9,react,SUCCESS,r1,web_fetch,success,1182.27,500,0,,19.0,19.0,False
1775022855.423965,sess-0188-7509c5a9,react,SUCCESS,r2,mock_heavy,success,878.78,500,0,,19.0,19.0,False
1775022856.302886,sess-0188-7509c5a9,react,SUCCESS,r3,web_fetch,success,848.31,500,0,,19.0,19.0,False
1775022857.151332,sess-0188-7509c5a9,react,SUCCESS,r4,web_fetch,success,387.33,500,0,,19.0,19.0,False
1775022857.538780,sess-0188-7509c5a9,react,SUCCESS,r5,mock_heavy,success,874.18,500,0,,19.0,19.0,False
1775022858.413098,sess-0188-7509c5a9,react,SUCCESS,r6,web_fetch,success,158.57,500,0,,19.0,19.0,False
1775022858.571823,sess-0188-7509c5a9,react,SUCCESS,r7,mock_heavy,success,808.20,500,0,,19.0,19.0,False
