timestamp,status,latency_ms,budget,tool_name
1773912550.856617,success,160.21,100,web_fetch
1773912550.859693,success,9.02,100,calculate
1773912550.935176,success,157.04,100,web_fetch
1773912550.935874,success,161.31,100,web_fetch
1773912550.938483,success,9.55,100,calculate
1773912550.940502,success,9.19,100,calculate
1773912550.982361,success,5.46,100,calculate
1773912551.017830,success,6.00,100,calculate
1773912551.018830,success,271.75,100,web_fetch
1773912551.019830,success,241.41,100,web_fetch
1773912551.020829,success,7.54,100,calculate
1773912551.089518,success,7.12,100,calculate
1773912551.096643,success,811.67,100,mock_heavy
1773912551.098198,success,919.91,100,mock_heavy
1773912551.151778,success,1114.25,100,mock_heavy
1773912551.152472,success,801.42,100,web_fetch
1773912551.153547,success,879.64,100,calculate
1773912551.155366,success,1758.74,100,mock_heavy
1773912551.158268,success,1155.30,100,calculate
1773912551.160352,error,4.05,100,calculate
1773912551.213131,success,1224.22,100,web_fetch
1773912551.244538,error,5.92,100,calculate
1773912551.245563,error,6.81,100,calculate
1773912551.247638,error,5.28,100,web_fetch
1773912551.251099,error,2.33,100,web_fetch
1773912551.319943,error,2.47,100,calculate
1773912551.365809,error,1.67,100,calculate
1773912551.366478,error,2.17,100,calculate
1773912551.412586,error,2.75,100,mock_heavy
1773912551.413595,error,1.84,100,calculate
1773912551.444002,error,2.48,100,web_fetch
1773912551.490248,error,3.29,100,web_fetch
1773912551.491745,error,2.30,100,calculate
1773912551.492294,error,1.88,100,web_fetch
1773912551.583058,success,932.76,100,web_fetch
1773912551.583772,error,2.28,100,web_fetch
1773912551.675704,error,2.13,100,web_fetch
1773912551.706490,error,1.75,100,web_fetch
1773912551.753199,error,2.32,100,calculate
1773912551.799598,error,2.78,100,calculate
1773912551.861167,error,3.44,100,mock_heavy
1773912551.861881,error,3.43,100,web_fetch
1773912551.862888,error,2.98,100,calculate
1773912551.864048,error,2.85,100,mock_heavy
1773912551.865313,error,2.29,100,web_fetch
1773912551.909318,success,1252.64,100,mock_heavy
1773912551.955185,error,3.34,100,web_fetch
1773912551.956189,error,2.89,100,mock_heavy
1773912551.956839,error,2.80,100,mock_heavy
1773912551.957963,error,1.68,100,mock_heavy
1773912552.018638,success,543.15,100,web_fetch
1773912552.079625,success,1221.74,100,mock_heavy
1773912552.125751,success,788.35,100,web_fetch
1773912552.171996,error,1.76,100,web_fetch
1773912552.202902,success,726.49,100,calculate
1773912552.249329,error,2.26,100,web_fetch
1773912552.342984,success,819.53,100,web_fetch
1773912552.374445,success,786.94,100,calculate
1773912552.375452,error,2.53,100,calculate
1773912552.405236,error,1.69,100,calculate
1773912552.405926,error,2.06,100,calculate
1773912552.467054,success,695.46,100,calculate
1773912552.559819,success,692.48,100,calculate
1773912552.560674,error,2.82,100,web_fetch
1773912552.591434,error,1.24,100,web_fetch
1773912552.593230,error,1.62,100,web_fetch
1773912552.652875,error,2.40,100,calculate
1773912552.653970,error,1.31,100,web_fetch
1773912552.759873,success,712.94,100,web_fetch
1773912552.850926,success,744.19,100,web_fetch
1773912552.897762,error,2.72,100,web_fetch
1773912552.929391,error,2.21,100,web_fetch
1773912552.959560,success,667.07,100,web_fetch
1773912552.959601,error,2.66,100,mock_heavy
1773912553.036093,error,3.33,100,calculate
1773912553.037097,error,2.33,100,web_fetch
1773912553.038230,error,2.28,100,calculate
1773912553.067233,error,1.70,100,mock_heavy
1773912553.129405,success,434.69,100,web_fetch
1773912553.159494,error,4.84,100,mock_heavy
1773912553.160536,success,403.55,100,web_fetch
1773912553.252839,error,2.25,100,calculate
1773912553.252839,error,2.45,100,web_fetch
1773912553.298072,success,312.76,100,web_fetch
1773912553.360223,success,806.91,100,mock_heavy
1773912553.407541,success,447.75,100,web_fetch
1773912553.454421,success,386.61,100,web_fetch
1773912553.455136,success,414.97,100,web_fetch
1773912553.472811,success,383.02,100,calculate
1773912553.516644,success,553.97,100,web_fetch
1773912553.546750,success,726.50,100,web_fetch
1773912553.548337,error,2.22,100,calculate
1773912553.548893,error,3.86,100,calculate
1773912553.565141,success,603.98,100,calculate
1773912553.566292,error,3.67,100,mock_heavy
1773912553.566898,error,3.30,100,web_fetch
1773912553.567609,error,3.64,100,calculate
1773912553.568859,error,4.79,100,web_fetch
1773912553.570194,error,3.36,100,web_fetch
1773912553.595113,error,2.36,100,calculate
1773912553.656649,success,511.93,100,calculate
1773912553.702425,success,665.97,100,web_fetch
1773912553.703983,error,1.66,100,calculate
1773912553.764268,success,726.73,100,web_fetch
1773912553.793803,error,2.70,100,web_fetch
1773912553.839287,error,2.67,100,calculate
1773912553.840481,error,2.78,100,calculate
1773912553.841960,error,1.85,100,web_fetch
1773912553.900120,error,2.70,100,web_fetch
1773912553.901134,error,2.23,100,calculate
1773912553.931826,error,2.23,100,calculate
1773912554.023504,success,437.48,100,web_fetch
1773912554.025249,error,1.82,100,calculate
1773912554.055088,error,2.13,100,calculate
1773912554.071128,error,1.57,100,calculate
1773912554.101361,success,73.24,100,calculate
1773912554.132590,error,1.83,100,web_fetch
1773912554.133270,error,2.21,100,web_fetch
1773912554.167138,success,9.22,100,calculate
1773912554.240997,success,839.93,100,mock_heavy
1773912554.242531,success,279.48,100,calculate
1773912554.273792,success,1033.36,100,mock_heavy
1773912554.274868,success,542.42,100,web_fetch
1773912554.304996,success,371.78,100,calculate
1773912554.306053,success,713.45,100,web_fetch
1773912554.306053,success,774.87,100,calculate
1773912554.307467,error,2.60,100,web_fetch
1773912554.351614,success,1006.08,100,web_fetch
1773912554.368396,error,2.06,100,web_fetch
1773912554.398129,error,1.76,100,calculate
1773912554.428338,error,2.78,100,calculate
1773912554.429340,error,2.97,100,mock_heavy
1773912554.430565,error,2.64,100,calculate
1773912554.431771,error,1.58,100,web_fetch
1773912554.459837,error,2.23,100,web_fetch
1773912554.522009,success,944.98,100,web_fetch
1773912554.567647,error,2.89,100,web_fetch
1773912554.568349,error,3.47,100,mock_heavy
1773912554.613705,success,1496.06,100,mock_heavy
1773912554.660820,error,3.02,100,web_fetch
1773912554.800699,success,774.62,100,web_fetch
1773912554.847859,error,2.91,100,mock_heavy
1773912554.894423,success,834.67,100,web_fetch
1773912554.895477,error,2.25,100,calculate
1773912554.895477,error,2.31,100,calculate
1773912554.941715,error,4.16,100,web_fetch
1773912554.942405,error,3.47,100,calculate
1773912554.943403,error,4.19,100,calculate
1773912554.944802,error,3.49,100,calculate
1773912554.947053,error,1.78,100,mock_heavy
1773912555.003132,error,2.74,100,calculate
1773912555.003810,error,2.54,100,web_fetch
1773912555.020055,error,3.18,100,calculate
1773912555.020055,error,3.18,100,web_fetch
1773912555.021329,error,2.62,100,calculate
1773912555.022694,error,2.34,100,calculate
1773912555.065502,error,1.46,100,web_fetch
1773912555.110808,success,541.96,100,calculate
1773912555.156668,error,2.98,100,web_fetch
1773912555.157377,error,2.28,100,calculate
1773912555.158375,error,1.82,100,web_fetch
1773912555.203456,error,1.87,100,calculate
1773912555.233639,success,620.90,100,web_fetch
1773912555.234297,error,2.37,100,mock_heavy
1773912555.265111,error,2.02,100,calculate
1773912555.295045,error,2.25,100,calculate
1773912555.356125,success,435.64,100,calculate
1773912555.358246,success,757.85,100,web_fetch
1773912555.387684,error,2.80,100,calculate
1773912555.387684,error,3.47,100,calculate
1773912555.389298,error,3.04,100,calculate
1773912555.390485,error,3.10,100,calculate
1773912555.391150,error,2.98,100,calculate
1773912555.392876,error,2.42,100,web_fetch
1773912555.417763,error,2.21,100,calculate
1773912555.418762,error,1.85,100,web_fetch
1773912555.449863,success,1299.86,100,mock_heavy
1773912555.450661,error,1.79,100,calculate
1773912555.511951,error,1.76,100,web_fetch
1773912555.511977,error,2.39,100,web_fetch
1773912555.604758,success,526.99,100,calculate
1773912555.605768,error,2.00,100,calculate
1773912555.650967,success,558.78,100,calculate
1773912555.682246,success,805.91,100,web_fetch
1773912555.683815,error,1.68,100,web_fetch
1773912555.684295,error,2.37,100,web_fetch
1773912555.686131,error,2.47,100,mock_heavy
1773912555.687367,error,2.35,100,web_fetch
1773912555.688457,error,2.86,100,web_fetch
1773912555.689660,error,2.72,100,web_fetch
1773912555.690804,error,2.72,100,web_fetch
1773912555.691315,error,2.68,100,calculate
1773912555.692949,error,2.02,100,calculate
1773912555.775859,error,2.45,100,web_fetch
1773912555.822088,success,1297.93,100,mock_heavy
1773912555.852761,success,635.40,100,calculate
1773912555.899532,error,2.21,100,calculate
1773912555.928802,error,2.87,100,web_fetch
1773912555.991750,success,787.19,100,web_fetch
1773912556.037737,error,2.71,100,mock_heavy
1773912556.039342,error,1.66,100,mock_heavy
1773912556.068625,error,2.71,100,mock_heavy
1773912556.099277,error,2.72,100,web_fetch
1773912556.131748,error,2.48,100,calculate
1773912556.162209,success,741.29,100,web_fetch
1773912556.193171,error,3.23,100,web_fetch
1773912556.240018,success,756.90,100,web_fetch
1773912556.241544,error,2.11,100,web_fetch
1773912556.242315,error,1.93,100,web_fetch
1773912556.243110,error,1.67,100,calculate
1773912556.302372,success,631.85,100,calculate
1773912556.303475,error,2.04,100,calculate
1773912556.378937,success,646.82,100,calculate
1773912556.380463,error,2.01,100,calculate
1773912556.380925,error,1.55,100,web_fetch
1773912556.409898,error,2.33,100,calculate
1773912556.411527,error,1.41,100,web_fetch
1773912556.456189,error,1.72,100,calculate
1773912556.517979,success,705.91,100,web_fetch
1773912556.548795,error,2.02,100,calculate
1773912556.549869,error,1.68,100,calculate
1773912556.610271,error,1.72,100,mock_heavy
1773912556.640391,error,2.54,100,mock_heavy
1773912556.671232,success,598.53,100,web_fetch
1773912556.747614,error,2.77,100,calculate
1773912556.840217,success,432.09,100,web_fetch
1773912556.870844,success,403.07,100,web_fetch
1773912556.871848,error,2.40,100,calculate
1773912556.873047,error,1.75,100,calculate
1773912556.901709,error,2.65,100,web_fetch
1773912556.904358,error,2.20,100,mock_heavy
1773912556.905349,error,1.76,100,calculate
1773912556.964187,success,313.35,100,web_fetch
1773912556.965239,error,1.50,100,calculate
1773912556.995108,error,2.93,100,web_fetch
1773912556.996247,error,3.11,100,calculate
1773912556.997487,error,3.11,100,calculate
1773912556.998733,error,2.06,100,calculate
1773912556.999924,error,1.94,100,web_fetch
1773912557.055726,success,220.68,100,web_fetch
1773912557.086703,success,39.99,100,calculate
1773912557.146815,success,155.62,100,web_fetch
1773912557.177488,success,4.36,100,calculate
1773912557.178541,success,156.97,100,web_fetch
1773912557.224429,success,4.86,100,calculate
1773912557.269760,success,7.75,100,calculate
1773912557.302437,success,4.97,100,calculate
1773912557.335509,success,156.25,100,web_fetch
1773912557.336569,success,156.88,100,web_fetch
1773912557.490020,success,156.81,100,web_fetch
1773912557.491088,success,157.71,100,web_fetch
1773912557.536206,success,4.94,100,calculate
1773912557.536942,success,159.12,100,web_fetch
1773912557.537945,success,7.91,100,calculate
1773912557.545850,success,156.32,100,web_fetch
1773912557.598093,success,5.85,100,calculate
1773912557.599799,success,8.38,100,calculate
1773912557.628208,success,157.17,100,web_fetch
1773912557.689672,success,157.26,100,web_fetch
1773912557.783283,success,5.24,100,calculate
1773912557.785191,success,6.17,100,calculate
1773912557.939267,success,806.26,100,mock_heavy
1773912558.032196,success,92.60,100,calculate
1773912558.033228,success,230.14,100,calculate
1773912558.033782,success,245.42,100,calculate
1773912558.062625,success,445.33,100,web_fetch
1773912558.093827,success,522.57,100,web_fetch
1773912558.124795,success,507.27,100,web_fetch
1773912558.185333,success,561.49,100,web_fetch
1773912558.216559,success,430.49,100,calculate
1773912558.217582,error,2.28,100,calculate
1773912558.308157,success,553.97,100,web_fetch
1773912558.309172,error,2.47,100,web_fetch
1773912558.311643,error,2.10,100,web_fetch
1773912558.312702,error,1.76,100,calculate
1773912558.354371,success,542.47,100,web_fetch
1773912558.385622,success,363.52,100,calculate
1773912558.386622,error,1.86,100,calculate
1773912558.445330,error,2.60,100,web_fetch
1773912558.491582,error,2.06,100,mock_heavy
1773912558.537974,success,362.42,100,web_fetch
1773912558.583577,success,166.55,100,calculate
1773912558.632068,error,2.78,100,web_fetch
1773912558.633099,error,2.29,100,mock_heavy
1773912558.634192,error,1.74,100,web_fetch
1773912558.647045,error,2.95,100,web_fetch
1773912558.647611,error,2.94,100,web_fetch
1773912558.649327,error,1.77,100,calculate
1773912558.677739,success,226.39,100,web_fetch
1773912558.724812,success,180.82,100,web_fetch
1773912558.745524,success,11.15,100,calculate
1773912558.749142,success,161.28,100,web_fetch
1773912558.817016,success,5.53,100,calculate
1773912558.862127,success,156.80,100,web_fetch
1773912558.862672,success,157.36,100,web_fetch
1773912558.864041,success,157.62,100,web_fetch
1773912558.864599,success,159.09,100,web_fetch
1773912558.894859,success,5.08,100,calculate
1773912558.896193,success,6.31,100,calculate
1773912558.904129,success,5.86,100,calculate
1773912558.905628,success,6.40,100,calculate
1773912558.955663,success,5.52,100,calculate
1773912559.064772,success,820.67,100,mock_heavy
1773912559.065774,success,93.61,100,calculate
1773912559.157256,success,261.67,100,web_fetch
1773912559.158350,success,322.28,100,web_fetch
1773912559.159433,success,229.03,100,calculate
1773912559.202403,success,249.41,100,calculate
1773912559.265024,success,415.73,100,web_fetch
1773912559.310031,success,355.52,100,calculate
1773912559.310062,success,402.57,100,calculate
1773912559.311451,success,1255.39,100,mock_heavy
1773912559.387214,success,528.46,100,calculate
1773912559.449023,error,2.79,100,calculate
1773912559.449981,error,3.12,100,web_fetch
1773912559.451250,error,3.26,100,web_fetch
1773912559.452828,error,2.24,100,calculate
1773912559.453649,error,2.05,100,web_fetch
1773912559.510969,success,1270.38,100,mock_heavy
1773912559.541635,success,851.36,100,web_fetch
1773912559.571869,error,2.67,100,web_fetch
1773912559.634465,success,1482.90,100,mock_heavy
1773912559.710747,success,824.60,100,web_fetch
1773912559.742078,error,1.71,100,calculate
1773912559.742792,error,2.18,100,calculate
1773912559.773175,error,2.59,100,web_fetch
1773912559.773175,error,3.79,100,web_fetch
1773912559.774963,error,2.55,100,calculate
1773912559.775770,error,2.30,100,calculate
1773912559.820667,error,2.25,100,web_fetch
1773912559.851299,success,683.50,100,calculate
1773912559.852013,error,2.31,100,web_fetch
1773912559.882337,error,3.65,100,web_fetch
1773912559.884154,error,2.54,100,web_fetch
1773912559.884300,error,2.94,100,calculate
1773912559.944559,success,852.09,100,web_fetch
1773912559.975265,success,821.93,100,calculate
1773912559.975959,error,2.83,100,calculate
1773912560.036991,error,2.26,100,calculate
1773912560.082256,success,945.47,100,web_fetch
1773912560.082819,error,2.70,100,web_fetch
1773912560.144097,error,5.61,100,mock_heavy
1773912560.144653,error,6.19,100,web_fetch
1773912560.149151,error,2.73,100,calculate
1773912560.150292,error,1.59,100,calculate
1773912560.221996,success,697.76,100,calculate
1773912560.223529,error,2.03,100,calculate
1773912560.268751,error,1.81,100,calculate
1773912560.268796,error,2.52,100,web_fetch
1773912560.299274,error,1.69,100,web_fetch
1773912560.346044,error,2.15,100,web_fetch
1773912560.439163,success,588.56,100,calculate
1773912560.441218,error,2.71,100,calculate
1773912560.471210,error,1.62,100,mock_heavy
1773912560.471829,error,2.19,100,web_fetch
1773912560.517527,error,2.99,100,mock_heavy
1773912560.519170,error,1.49,100,calculate
1773912560.534798,success,661.84,100,web_fetch
1773912560.564857,error,3.10,100,web_fetch
1773912560.595625,success,665.22,100,web_fetch
1773912560.597242,error,2.49,100,calculate
1773912560.597702,error,2.59,100,calculate
1773912560.598564,error,1.73,100,calculate
1773912560.641663,success,679.32,100,web_fetch
1773912560.689487,error,1.67,100,web_fetch
1773912560.781349,error,2.47,100,calculate
1773912560.827422,success,293.13,100,calculate
1773912560.873308,error,3.45,100,calculate
1773912560.874422,error,3.07,100,web_fetch
1773912560.874756,error,3.03,100,calculate
1773912560.876194,error,2.63,100,calculate
1773912560.904041,error,1.97,100,web_fetch
1773912560.964598,success,156.99,100,calculate
1773912560.995388,success,341.57,100,web_fetch
1773912561.057540,success,67.16,100,calculate
1773912561.104006,error,2.36,100,web_fetch
1773912561.151056,success,186.44,100,web_fetch
1773912561.151091,success,5.86,100,calculate
1773912561.196636,success,833.27,100,mock_heavy
1773912561.229229,success,229.68,100,web_fetch
1773912561.229888,success,338.14,100,web_fetch
1773912561.230895,success,537.07,100,web_fetch
1773912561.231970,success,550.24,100,web_fetch
1773912561.232797,success,766.00,100,web_fetch
1773912561.233602,success,579.35,100,web_fetch
1773912561.261385,error,2.25,100,web_fetch
1773912561.261385,error,2.52,100,web_fetch
1773912561.304744,error,2.01,100,web_fetch
1773912561.396026,success,649.61,100,web_fetch
1773912561.397653,error,2.35,100,mock_heavy
1773912561.459445,success,1293.39,100,mock_heavy
1773912561.520164,success,770.64,100,web_fetch
1773912561.566806,error,2.33,100,calculate
1773912561.628818,success,770.15,100,web_fetch
1773912561.629512,error,2.54,100,web_fetch
1773912561.630512,error,2.23,100,web_fetch
1773912561.766788,success,632.18,100,web_fetch
1773912561.782753,success,1325.18,100,mock_heavy
1773912561.783765,error,2.05,100,web_fetch
1773912561.784268,error,2.24,100,calculate
1773912561.785580,error,2.02,100,calculate
1773912561.904952,success,524.86,100,calculate
1773912561.981982,error,1.47,100,calculate
1773912562.013010,error,2.14,100,calculate
1773912562.014611,error,1.68,100,web_fetch
1773912562.030502,success,722.33,100,calculate
1773912562.045635,error,2.74,100,calculate
1773912562.046628,error,2.45,100,calculate
1773912562.047771,error,1.86,100,calculate
1773912562.090231,error,1.88,100,calculate
1773912562.092112,error,2.98,100,web_fetch
1773912562.093136,error,2.47,100,calculate
1773912562.136775,success,647.03,100,calculate
1773912562.137465,error,3.23,100,mock_heavy
1773912562.138464,error,2.85,100,web_fetch
1773912562.139635,error,2.35,100,web_fetch
1773912562.140757,error,2.28,100,calculate
1773912562.166969,success,739.08,100,calculate
1773912562.212316,error,1.45,100,calculate
1773912562.213209,error,1.10,100,web_fetch
1773912562.258605,success,726.84,100,calculate
1773912562.289776,error,3.75,100,mock_heavy
1773912562.291799,error,1.73,100,mock_heavy
1773912562.292388,error,1.68,100,web_fetch
1773912562.352162,error,1.80,100,calculate
1773912562.383505,success,846.44,100,web_fetch
1773912562.383662,error,3.08,100,calculate
1773912562.385313,error,2.07,100,web_fetch
1773912562.386099,error,1.28,100,calculate
1773912562.399505,error,1.81,100,calculate
1773912562.429816,error,1.68,100,calculate
1773912562.520622,success,756.53,100,web_fetch
1773912562.568071,error,2.72,100,mock_heavy
1773912562.569157,error,1.87,100,calculate
1773912562.614341,error,1.74,100,mock_heavy
1773912562.659156,error,3.22,100,web_fetch
1773912562.660159,error,2.74,100,web_fetch
1773912562.661157,error,1.78,100,mock_heavy
1773912562.704671,success,1203.96,100,mock_heavy
1773912562.706282,error,2.67,100,calculate
1773912562.706685,error,3.37,100,mock_heavy
1773912562.707825,error,3.24,100,web_fetch
1773912562.752833,error,1.99,100,calculate
1773912562.827983,success,510.63,100,web_fetch
1773912562.859161,error,1.81,100,web_fetch
1773912562.937133,success,510.84,100,web_fetch
1773912562.983663,error,2.32,100,calculate
1773912563.014608,success,417.52,100,calculate
1773912563.045223,success,605.68,100,web_fetch
1773912563.046231,error,1.78,100,mock_heavy
1773912563.046395,error,2.21,100,web_fetch
1773912563.075436,error,1.70,100,calculate
1773912563.076139,error,2.08,100,calculate
1773912563.135980,success,592.92,100,web_fetch
1773912563.167376,success,483.52,100,calculate
1773912563.213673,error,2.36,100,web_fetch
1773912563.229942,success,498.41,100,calculate
1773912563.230475,error,2.53,100,calculate
1773912563.275093,error,3.05,100,calculate
1773912563.276898,error,2.31,100,web_fetch
1773912563.278143,error,2.16,100,web_fetch
1773912563.306729,success,483.34,100,calculate
1773912563.336753,error,3.03,100,web_fetch
1773912563.430391,success,422.23,100,calculate
1773912563.509046,success,542.58,100,web_fetch
1773912563.510672,error,1.77,100,web_fetch
1773912563.556457,success,354.40,100,calculate
1773912563.557199,error,2.26,100,mock_heavy
1773912563.603167,error,1.73,100,mock_heavy
1773912563.603206,error,2.26,100,web_fetch
1773912563.651451,error,1.50,100,calculate
1773912563.726760,success,184.64,100,calculate
1773912563.819941,success,94.39,100,calculate
1773912563.851439,success,63.60,100,calculate
1773912563.898619,success,187.89,100,web_fetch
1773912563.899677,error,2.08,100,calculate
1773912563.900409,error,1.89,100,calculate
1773912563.908628,success,10.53,100,calculate
1773912564.007099,success,6.28,100,calculate
1773912564.008107,success,203.04,100,web_fetch
1773912564.051630,success,806.91,100,mock_heavy
1773912564.052598,success,97.09,100,calculate
1773912564.053597,success,173.60,100,calculate
1773912564.116112,success,420.66,100,web_fetch
1773912564.117115,success,279.59,100,calculate
1773912564.148534,success,511.59,100,web_fetch
1773912564.194880,success,435.14,100,calculate
1773912564.211715,error,2.67,100,web_fetch
1773912564.211715,success,557.75,100,calculate
1773912564.272427,success,651.38,100,web_fetch
1773912564.272464,error,2.78,100,calculate
1773912564.274199,error,1.84,100,web_fetch
1773912564.350634,success,508.46,100,calculate
1773912564.351663,error,3.47,100,calculate
1773912564.442910,success,604.41,100,web_fetch
1773912564.489641,error,1.72,100,web_fetch
1773912564.490360,error,2.14,100,web_fetch
1773912564.535342,error,3.08,100,mock_heavy
1773912564.535718,error,3.95,100,calculate
1773912564.537874,error,2.94,100,web_fetch
1773912564.539105,error,2.84,100,web_fetch
1773912564.539673,error,2.91,100,calculate
1773912564.540818,error,2.36,100,web_fetch
1773912564.565194,success,482.13,100,web_fetch
1773912564.628215,error,3.54,100,calculate
1773912564.630019,error,2.43,100,web_fetch
1773912564.631113,error,1.87,100,calculate
1773912564.767733,success,263.59,100,web_fetch
1773912564.799520,success,64.67,100,calculate
1773912564.846868,success,819.36,100,mock_heavy
1773912564.892123,success,294.46,100,web_fetch
1773912564.922112,success,279.78,100,web_fetch
1773912564.969089,success,420.36,100,web_fetch
1773912565.108265,success,202.45,100,calculate
1773912565.108822,success,280.63,100,calculate
1773912565.140196,success,449.56,100,web_fetch
1773912565.170516,success,280.95,100,calculate
1773912565.172068,success,541.69,100,web_fetch
1773912565.247347,success,419.51,100,calculate
1773912565.278660,error,1.74,100,web_fetch
1773912565.310712,success,1160.54,100,mock_heavy
1773912565.311703,error,2.40,100,calculate
1773912565.312841,error,1.60,100,calculate
1773912565.372840,success,573.79,100,web_fetch
1773912565.420045,success,682.43,100,web_fetch
1773912565.466737,error,2.19,100,web_fetch
1773912565.512309,success,465.99,100,calculate
1773912565.513387,error,1.94,100,web_fetch
1773912565.514065,error,1.82,100,mock_heavy
1773912565.650432,success,405.58,100,calculate
1773912565.743727,success,373.34,100,calculate
1773912565.745387,success,480.39,100,calculate
1773912565.790740,error,4.24,100,web_fetch
1773912565.791742,error,4.26,100,mock_heavy
1773912565.793033,error,3.12,100,web_fetch
1773912565.794425,error,3.33,100,calculate
1773912565.796485,error,1.86,100,calculate
1773912565.797213,error,2.25,100,calculate
1773912565.899552,success,418.90,100,calculate
1773912565.930743,success,667.61,100,web_fetch
1773912566.023109,success,449.26,100,calculate
1773912566.024117,error,2.53,100,calculate
1773912566.025111,error,1.54,100,web_fetch
1773912566.054269,success,419.00,100,calculate
1773912566.054979,error,3.55,100,web_fetch
1773912566.056012,error,3.33,100,calculate
1773912566.057265,error,3.04,100,web_fetch
1773912566.058801,error,2.70,100,web_fetch
1773912566.060107,error,1.93,100,mock_heavy
1773912566.060859,error,2.47,100,web_fetch
1773912566.084674,error,2.68,100,calculate
1773912566.086257,error,1.74,100,web_fetch
1773912566.117065,success,357.51,100,calculate
1773912566.163540,error,2.59,100,calculate
1773912566.164667,error,1.46,100,calculate
1773912566.165087,error,2.08,100,web_fetch
1773912566.209694,error,2.30,100,calculate
1773912566.271546,success,203.98,100,calculate
1773912566.271584,error,2.53,100,calculate
1773912566.273101,error,2.01,100,web_fetch
1773912566.303144,error,1.91,100,web_fetch
1773912566.349005,success,128.06,100,calculate
1773912566.458317,success,838.55,100,mock_heavy
1773912566.581673,success,897.03,100,mock_heavy
1773912566.598899,success,341.42,100,calculate
1773912566.599803,success,433.02,100,calculate
1773912566.600350,success,478.86,100,calculate
1773912566.601085,success,615.81,100,calculate
1773912566.628895,error,2.21,100,calculate
1773912566.628895,success,878.88,100,web_fetch
1773912566.721930,error,2.40,100,web_fetch
1773912566.723150,error,1.70,100,calculate
1773912566.752311,success,834.72,100,web_fetch
1773912566.783311,error,1.74,100,web_fetch
1773912566.891824,success,694.80,100,web_fetch
1773912566.923763,error,2.32,100,calculate
1773912566.923763,error,2.44,100,calculate
1773912566.940317,error,2.21,100,calculate
1773912566.970224,error,2.05,100,web_fetch
1773912567.015779,success,462.92,100,calculate
1773912567.062909,error,2.34,100,web_fetch
1773912567.110261,success,521.49,100,web_fetch
1773912567.111291,error,2.07,100,calculate
1773912567.111989,error,2.69,100,calculate
1773912567.112817,error,3.04,100,web_fetch
1773912567.114136,error,2.36,100,web_fetch
1773912567.115318,error,1.73,100,calculate
1773912567.294569,success,187.41,100,calculate
1773912567.296316,error,3.02,100,web_fetch
1773912567.297587,error,2.36,100,web_fetch
1773912567.298130,error,1.85,100,calculate
1773912567.324439,error,3.62,100,web_fetch
1773912567.326047,error,3.00,100,web_fetch
1773912567.326687,error,2.36,100,web_fetch
1773912567.327516,error,2.32,100,web_fetch
1773912567.354861,success,129.82,100,calculate
1773912567.402253,success,233.84,100,web_fetch
1773912567.402939,error,2.04,100,mock_heavy
1773912567.484680,success,181.78,100,web_fetch
1773912567.485674,success,195.12,100,web_fetch
1773912567.507770,success,236.78,100,web_fetch
1773912567.539816,success,5.28,100,calculate
1773912567.541381,success,6.25,100,calculate
1773912567.545097,success,169.69,100,web_fetch
1773912567.546095,success,199.00,100,web_fetch
1773912567.547633,success,196.92,100,web_fetch
1773912567.571332,success,5.17,100,calculate
1773912567.577052,success,5.03,100,calculate
1773912567.577052,success,198.58,100,web_fetch
1773912567.578952,success,211.63,100,web_fetch
1773912567.631753,success,903.37,100,mock_heavy
1773912567.664014,success,251.26,100,web_fetch
1773912567.665704,success,1035.53,100,mock_heavy
1773912567.711018,success,1209.61,100,mock_heavy
1773912567.773536,success,791.94,100,web_fetch
1773912567.775364,success,791.21,100,calculate
1773912567.776585,success,879.92,100,calculate
1773912567.835859,success,1131.14,100,web_fetch
1773912567.836574,error,2.17,100,calculate
1773912567.866066,error,2.28,100,calculate
1773912567.944877,success,1696.72,100,mock_heavy
1773912567.975564,error,3.58,100,web_fetch
1773912567.976708,error,2.97,100,web_fetch
1773912567.977255,error,3.06,100,calculate
1773912567.978493,error,3.06,100,calculate
1773912567.980221,error,2.57,100,web_fetch
1773912567.981457,error,2.39,100,web_fetch
1773912567.982630,error,1.95,100,web_fetch
1773912568.069228,error,2.25,100,calculate
1773912568.070365,error,1.74,100,calculate
1773912568.131104,error,2.79,100,calculate
1773912568.161942,success,849.26,100,calculate
1773912568.209287,error,2.05,100,calculate
1773912568.302058,error,2.19,100,web_fetch
1773912568.332819,error,3.68,100,web_fetch
1773912568.333814,error,2.77,100,mock_heavy
1773912568.334875,error,3.04,100,mock_heavy
1773912568.335736,error,3.28,100,calculate
1773912568.336580,error,3.54,100,web_fetch
1773912568.338458,error,2.20,100,calculate
1773912568.339556,error,2.21,100,web_fetch
1773912568.378142,error,3.37,100,web_fetch
1773912568.379834,error,2.24,100,web_fetch
1773912568.380527,error,1.71,100,web_fetch
1773912568.424398,error,2.92,100,calculate
1773912568.425990,error,1.63,100,calculate
1773912568.502373,success,772.73,100,web_fetch
1773912568.533286,error,2.61,100,mock_heavy
1773912568.534578,error,2.40,100,web_fetch
1773912568.563741,error,2.29,100,calculate
1773912568.592843,success,573.44,100,calculate
1773912568.656509,error,2.65,100,calculate
1773912568.684619,error,2.82,100,web_fetch
1773912568.686219,error,1.50,100,calculate
1773912568.747806,success,573.00,100,calculate
1773912568.793055,success,512.72,100,calculate
1773912568.839415,error,3.05,100,calculate
1773912568.886607,success,621.52,100,web_fetch
1773912568.887615,error,2.36,100,calculate
1773912568.888781,error,1.75,100,calculate
1773912568.917971,error,3.97,100,web_fetch
1773912568.920054,error,3.25,100,calculate
1773912568.921181,error,2.67,100,calculate
1773912568.922484,error,2.01,100,calculate
1773912568.995316,error,2.68,100,web_fetch
1773912569.057024,success,559.77,100,web_fetch
1773912569.058092,error,1.58,100,web_fetch
1773912569.134135,success,603.12,100,web_fetch
1773912569.164599,success,478.31,100,calculate
1773912569.351391,success,444.73,100,web_fetch
1773912569.382035,success,416.46,100,web_fetch
1773912569.413590,success,386.43,100,web_fetch
1773912569.445538,error,2.47,100,calculate
1773912569.446619,error,1.95,100,calculate
1773912569.508129,success,141.95,100,calculate
1773912569.584350,error,2.99,100,calculate
1773912569.585996,error,1.89,100,calculate
1773912569.586653,error,1.78,100,calculate
1773912569.615032,success,187.98,100,web_fetch
1773912569.642128,success,11.10,100,calculate
1773912569.737260,success,4.79,100,calculate
1773912569.796125,success,6.88,100,calculate
1773912569.797172,success,808.77,100,mock_heavy
1773912569.908374,success,262.21,100,web_fetch
1773912569.909142,success,293.39,100,web_fetch
1773912569.910144,success,446.37,100,web_fetch
1773912569.953458,success,341.38,100,calculate
1773912570.046741,success,342.45,100,calculate
1773912570.047463,success,540.93,100,web_fetch
1773912570.107478,success,418.13,100,calculate
1773912570.153387,success,403.23,100,calculate
1773912570.155041,success,633.74,100,web_fetch
1773912570.170587,error,2.15,100,calculate
1773912570.200756,error,3.62,100,web_fetch
1773912570.202594,error,2.47,100,web_fetch
1773912570.203173,error,2.63,100,calculate
1773912570.292684,error,3.34,100,web_fetch
1773912570.293685,error,2.88,100,web_fetch
1773912570.295380,error,2.30,100,mock_heavy
1773912570.323976,success,1128.53,100,mock_heavy
1773912570.324518,error,3.42,100,web_fetch
1773912570.326198,error,2.30,100,mock_heavy
1773912570.326769,error,3.22,100,calculate
1773912570.327935,error,3.18,100,calculate
1773912570.329663,error,2.57,100,calculate
1773912570.330556,error,2.24,100,mock_heavy
1773912570.331674,error,2.22,100,mock_heavy
1773912570.386950,success,463.16,100,web_fetch
1773912570.388008,error,2.36,100,calculate
1773912570.448396,success,278.17,100,calculate
1773912570.525607,success,1064.59,100,mock_heavy
1773912570.526145,error,4.29,100,calculate
1773912570.527293,error,3.68,100,web_fetch
1773912570.528517,error,2.97,100,mock_heavy
1773912570.529896,error,2.60,100,mock_heavy
1773912570.587245,error,2.25,100,mock_heavy
1773912570.588392,error,2.21,100,calculate
1773912570.679518,success,416.73,100,calculate
1773912570.710319,success,788.69,100,web_fetch
1773912570.726571,success,633.32,100,calculate
1773912570.787077,success,757.84,100,calculate
1773912570.848367,success,743.50,100,calculate
1773912570.894339,success,883.03,100,web_fetch
1773912570.939729,error,2.76,100,web_fetch
1773912570.970633,error,3.36,100,mock_heavy
1773912570.971699,error,2.83,100,web_fetch
1773912570.972357,error,2.74,100,web_fetch
1773912570.973450,error,2.20,100,calculate
1773912571.063069,error,2.82,100,web_fetch
1773912571.126465,success,467.43,100,calculate
1773912571.188537,error,3.07,100,web_fetch
1773912571.189288,error,2.61,100,calculate
1773912571.190285,error,2.33,100,web_fetch
1773912571.249732,success,575.43,100,web_fetch
1773912571.251307,error,1.65,100,web_fetch
1773912571.280216,error,2.74,100,mock_heavy
1773912571.327618,error,1.69,100,calculate
1773912571.359894,success,237.55,100,calculate
1773912571.361037,error,3.16,100,web_fetch
1773912571.362290,error,2.50,100,web_fetch
1773912571.363401,error,1.45,100,calculate
1773912571.419786,error,1.74,100,calculate
1773912571.483016,success,116.42,100,calculate
1773912571.499006,error,2.22,100,mock_heavy
1773912571.559671,success,41.31,100,calculate
1773912571.561310,error,3.08,100,web_fetch
1773912571.561711,error,3.26,100,web_fetch
1773912571.563047,error,3.00,100,mock_heavy
1773912571.563846,error,2.58,100,calculate
1773912571.565507,error,2.00,100,web_fetch
1773912571.620564,success,157.87,100,web_fetch
1773912571.622208,success,5.63,100,calculate
1773912571.622754,success,7.31,100,calculate
1773912571.651811,success,895.72,100,mock_heavy
1773912571.653441,success,76.71,100,calculate
1773912571.654023,success,124.41,100,calculate
1773912571.655168,success,1155.85,100,mock_heavy
1773912571.655737,success,1296.60,100,mock_heavy
1773912571.683262,success,848.62,100,web_fetch
1773912571.684329,success,1576.91,100,mock_heavy
1773912571.684822,error,2.58,100,web_fetch
1773912571.730156,success,1033.48,100,calculate
1773912571.731151,error,3.41,100,web_fetch
1773912571.732293,error,2.82,100,calculate
1773912571.733353,error,2.96,100,web_fetch
1773912571.733844,error,3.14,100,web_fetch
1773912571.735765,error,2.38,100,calculate
1773912571.736985,error,1.72,100,calculate
1773912571.761695,error,2.09,100,calculate
1773912571.823401,success,1850.70,100,mock_heavy
1773912571.824593,error,2.56,100,web_fetch
1773912571.825685,error,3.01,100,calculate
1773912571.826222,error,3.03,100,mock_heavy
1773912571.827721,error,3.12,100,calculate
1773912571.828697,error,3.43,100,calculate
1773912571.830341,error,1.94,100,calculate
1773912571.831403,error,2.18,100,calculate
1773912571.899972,success,1330.26,100,web_fetch
1773912571.901079,error,1.52,100,web_fetch
1773912571.901720,error,1.99,100,web_fetch
1773912571.930920,error,3.67,100,calculate
1773912571.931921,error,2.67,100,web_fetch
1773912571.933509,error,1.67,100,calculate
1773912571.978310,error,2.25,100,web_fetch
1773912572.024306,error,2.31,100,web_fetch
1773912572.055782,error,2.43,100,calculate
1773912572.056883,error,1.33,100,calculate
1773912572.101062,success,959.40,100,calculate
1773912572.146277,error,2.33,100,calculate
1773912572.147836,error,1.55,100,web_fetch
1773912572.207932,error,3.66,100,web_fetch
1773912572.208979,error,3.59,100,web_fetch
1773912572.209453,error,3.11,100,calculate
1773912572.210872,error,2.70,100,web_fetch
1773912572.316601,success,975.59,100,web_fetch
1773912572.347158,error,2.19,100,calculate
1773912572.423734,error,3.31,100,calculate
1773912572.424426,error,2.66,100,web_fetch
1773912572.425426,error,2.29,100,web_fetch
1773912572.469683,error,3.54,100,calculate
1773912572.471425,error,3.09,100,web_fetch
1773912572.472204,error,2.90,100,calculate
1773912572.473223,error,3.42,100,calculate
1773912572.474553,error,2.80,100,calculate
1773912572.476080,error,1.81,100,calculate
1773912572.531879,error,4.30,100,calculate
1773912572.547528,error,2.96,100,web_fetch
1773912572.607378,error,2.33,100,web_fetch
1773912572.638661,success,637.87,100,calculate
1773912572.639345,error,2.61,100,calculate
1773912572.684705,error,2.86,100,web_fetch
1773912572.746997,error,3.59,100,web_fetch
1773912572.748797,error,2.39,100,web_fetch
1773912572.749344,error,2.42,100,web_fetch
1773912572.764158,error,2.72,100,calculate
1773912572.764181,error,2.80,100,web_fetch
1773912572.765425,error,2.11,100,web_fetch
1773912572.810138,success,543.24,100,calculate
1773912572.841309,error,3.11,100,web_fetch
1773912572.842946,error,3.02,100,web_fetch
1773912572.843709,error,2.26,100,mock_heavy
1773912572.844964,error,2.08,100,web_fetch
1773912572.903667,success,619.21,100,web_fetch
1773912572.904378,error,2.28,100,web_fetch
1773912572.997136,success,419.56,100,calculate
1773912573.028202,error,2.07,100,web_fetch
1773912573.029198,error,1.63,100,web_fetch
1773912573.090398,success,387.33,100,calculate
1773912573.121597,error,2.45,100,web_fetch
1773912573.122423,error,1.64,100,web_fetch
1773912573.122942,error,1.12,100,web_fetch
1773912573.123461,error,1.12,100,web_fetch
1773912573.152767,error,2.04,100,calculate
1773912573.152767,error,2.07,100,calculate
1773912573.152767,success,536.35,100,web_fetch
1773912573.153768,error,1.60,100,calculate
1773912573.154838,error,1.10,100,calculate
1773912573.155367,error,1.10,100,calculate
1773912573.155367,error,1.10,100,web_fetch
1773912573.155937,error,1.10,100,web_fetch
1773912573.182943,error,1.60,100,web_fetch
1773912573.183956,error,1.13,100,calculate
1773912573.183956,error,1.69,100,web_fetch
1773912573.214071,error,1.86,100,web_fetch
1773912573.230237,error,3.18,100,web_fetch
1773912573.230773,error,3.19,100,mock_heavy
1773912573.232176,error,2.61,100,calculate
1773912573.233420,error,2.46,100,calculate
1773912573.276531,success,369.59,100,calculate
1773912573.277072,error,2.81,100,calculate
1773912573.278250,error,2.20,100,web_fetch
1773912573.321671,error,2.93,100,web_fetch
1773912573.321671,success,353.41,100,calculate
1773912573.351621,success,324.18,100,calculate
1773912573.399652,error,2.79,100,web_fetch
1773912573.399652,error,4.93,100,web_fetch
1773912573.401418,error,4.22,100,calculate
1773912573.404578,error,2.86,100,calculate
1773912573.405633,error,2.48,100,web_fetch
1773912573.460028,success,403.69,100,web_fetch
1773912573.460723,error,2.63,100,calculate
1773912573.477839,error,2.37,100,web_fetch
1773912573.521739,success,158.14,100,calculate
1773912573.522879,error,1.92,100,mock_heavy
1773912573.524137,error,1.39,100,mock_heavy
1773912573.552861,error,2.38,100,calculate
1773912573.552911,error,2.88,100,mock_heavy
1773912573.554587,error,1.74,100,web_fetch
1773912573.583225,success,355.13,100,web_fetch
1773912573.583946,error,2.11,100,calculate
1773912573.584945,error,1.65,100,web_fetch
1773912573.630075,success,247.09,100,web_fetch
1773912573.631001,error,1.89,100,web_fetch
1773912573.674099,success,264.80,100,web_fetch
1773912573.689115,success,3.55,100,calculate
1773912573.722816,success,247.31,100,web_fetch
1773912573.722865,success,805.84,100,mock_heavy
1773912573.724122,success,400.43,100,web_fetch
1773912573.784239,success,370.09,100,calculate
1773912573.785862,success,462.83,100,web_fetch
1773912573.786664,success,600.75,100,web_fetch
1773912573.815378,success,479.12,100,calculate
1773912573.845925,success,417.48,100,calculate
1773912573.921932,success,605.75,100,web_fetch
1773912573.938904,success,510.99,100,calculate
1773912573.968365,success,664.60,100,web_fetch
1773912573.970129,error,1.86,100,calculate
1773912574.015598,error,2.78,100,calculate
1773912574.016727,error,2.23,100,web_fetch
1773912574.017270,error,1.69,100,web_fetch
1773912574.046460,error,2.18,100,calculate
1773912574.077054,error,1.82,100,mock_heavy
1773912574.124552,success,556.99,100,web_fetch
1773912574.154862,error,2.46,100,calculate
1773912574.155866,error,2.70,100,web_fetch
1773912574.156459,error,3.57,100,calculate
1773912574.157888,error,2.69,100,mock_heavy
1773912574.215948,success,317.11,100,calculate
1773912574.217580,error,2.56,100,web_fetch
1773912574.218286,error,2.85,100,web_fetch
1773912574.220142,error,2.35,100,calculate
1773912574.221133,error,2.46,100,web_fetch
1773912574.246705,error,1.98,100,web_fetch
1773912574.324713,success,208.89,100,calculate
1773912574.370837,error,3.47,100,web_fetch
1773912574.372405,error,2.89,100,calculate
1773912574.373117,error,2.18,100,calculate
1773912574.373764,error,2.28,100,web_fetch
1773912574.479795,success,55.36,100,calculate
1773912574.511253,success,178.68,100,web_fetch
1773912574.528224,success,162.76,100,web_fetch
1773912574.587344,success,5.47,100,calculate
1773912574.632967,success,199.77,100,web_fetch
1773912574.664154,success,5.39,100,calculate
1773912574.681537,success,182.32,100,web_fetch
1773912574.682585,success,8.40,100,calculate
1773912574.683584,success,10.03,100,calculate
1773912574.755415,success,200.83,100,web_fetch
1773912574.756418,success,6.67,100,calculate
1773912574.757479,success,7.67,100,calculate
1773912574.757479,success,811.69,100,mock_heavy
1773912574.801363,success,384.69,100,web_fetch
1773912574.802437,success,414.63,100,web_fetch
1773912574.803307,success,505.86,100,web_fetch
1773912574.863855,success,338.28,100,calculate
1773912574.908976,success,353.27,100,calculate
1773912574.909985,success,600.64,100,web_fetch
1773912574.956249,error,3.19,100,web_fetch
1773912574.956785,error,2.71,100,calculate
1773912574.958308,error,1.74,100,web_fetch
1773912575.000757,success,567.86,100,web_fetch
1773912575.078201,success,369.51,100,calculate
1773912575.078895,error,2.21,100,calculate
1773912575.124889,success,415.07,100,calculate
1773912575.126015,error,2.83,100,calculate
1773912575.126435,error,3.43,100,calculate
1773912575.155428,error,2.25,100,calculate
1773912575.156492,error,2.29,100,web_fetch
1773912575.157586,error,1.74,100,web_fetch
1773912575.186051,success,535.38,100,web_fetch
1773912575.187111,error,2.36,100,calculate
1773912575.187689,error,2.35,100,calculate
1773912575.188931,error,1.65,100,calculate
1773912575.246428,error,2.68,100,mock_heavy
1773912575.249108,error,2.20,100,web_fetch
1773912575.250238,error,1.29,100,calculate
1773912575.293065,success,278.73,100,calculate
1773912575.293808,error,2.06,100,calculate
1773912575.385686,success,186.60,100,calculate
1773912575.447707,success,127.18,100,calculate
1773912575.509243,success,218.73,100,web_fetch
1773912575.539961,success,38.48,100,calculate
1773912575.540958,error,2.43,100,calculate
1773912575.569167,success,162.53,100,web_fetch
1773912575.578440,success,5.13,100,calculate
1773912575.617283,success,156.40,100,web_fetch
1773912575.618283,success,5.77,100,calculate
1773912575.679466,success,4.90,100,calculate
1773912575.680966,success,157.26,100,web_fetch
1773912575.721428,success,5.46,100,calculate
1773912575.772180,success,5.33,100,calculate
1773912575.773682,success,157.26,100,web_fetch
1773912575.774954,success,6.22,100,calculate
1773912575.818310,success,5.12,100,calculate
1773912575.819946,success,158.30,100,web_fetch
1773912575.880513,success,5.41,100,calculate
1773912575.973959,success,5.48,100,calculate
1773912576.033911,success,5.42,100,calculate
1773912576.035000,success,866.73,100,mock_heavy
1773912576.094971,success,910.77,100,mock_heavy
1773912576.095975,success,402.23,100,web_fetch
1773912576.141351,success,588.54,100,web_fetch
1773912576.143027,success,571.60,100,web_fetch
1773912576.143569,success,725.60,100,web_fetch
1773912576.187750,success,848.69,100,web_fetch
1773912576.188761,success,818.67,100,calculate
1773912576.232967,error,1.59,100,web_fetch
1773912576.233561,error,2.17,100,web_fetch
1773912576.264093,error,2.55,100,web_fetch
1773912576.264093,error,3.09,100,web_fetch
1773912576.310977,success,849.21,100,web_fetch
1773912576.372416,error,2.80,100,web_fetch
1773912576.464114,success,546.49,100,calculate
1773912576.496329,error,2.58,100,calculate
1773912576.497617,error,2.60,100,calculate
1773912576.498909,error,1.91,100,web_fetch
1773912576.557794,error,2.79,100,web_fetch
1773912576.558503,error,2.50,100,calculate
1773912576.561002,error,2.72,100,calculate
1773912576.620225,success,542.61,100,web_fetch
1773912576.620969,error,2.20,100,mock_heavy
1773912576.621979,error,1.73,100,web_fetch
1773912576.667494,error,2.82,100,calculate
1773912576.668250,error,3.14,100,web_fetch
1773912576.669480,error,2.96,100,calculate
1773912576.670852,error,3.19,100,web_fetch
1773912576.671904,error,2.91,100,web_fetch
1773912576.672921,error,2.69,100,calculate
1773912576.674274,error,1.57,100,calculate
1773912576.715143,error,2.39,100,calculate
1773912576.715165,error,3.47,100,calculate
1773912576.716837,error,2.91,100,calculate
1773912576.718074,error,2.23,100,calculate
1773912576.719186,error,2.23,100,web_fetch
1773912576.759618,success,254.00,100,calculate
1773912576.760320,error,2.60,100,web_fetch
1773912576.761320,error,2.22,100,calculate
1773912576.762370,error,1.71,100,calculate
1773912576.836883,error,2.32,100,calculate
1773912576.899623,error,2.67,100,web_fetch
1773912576.901116,error,1.72,100,web_fetch
1773912576.945961,error,2.43,100,web_fetch
1773912576.946987,error,2.73,100,calculate
1773912576.947745,error,3.28,100,calculate
1773912576.948934,error,2.67,100,calculate
1773912576.949713,error,3.38,100,calculate
1773912576.951605,error,2.66,100,web_fetch
1773912576.952555,error,3.02,100,web_fetch
1773912576.953730,error,2.54,100,web_fetch
1773912576.955022,error,1.39,100,web_fetch
1773912577.005738,success,160.27,100,web_fetch
1773912577.037452,success,4.69,100,calculate
1773912577.038488,success,5.78,100,calculate
1773912577.068185,success,5.04,100,calculate
1773912577.069187,success,6.27,100,calculate
1773912577.100213,success,156.29,100,web_fetch
1773912577.256576,success,5.44,100,calculate
1773912577.319017,success,157.35,100,web_fetch
1773912577.319756,success,6.80,100,calculate
1773912577.326557,success,4.81,100,calculate
1773912577.397133,success,172.24,100,web_fetch
1773912577.398195,success,233.71,100,web_fetch
1773912577.399588,success,171.73,100,web_fetch
1773912577.427857,success,174.25,100,web_fetch
1773912577.474556,success,5.52,100,calculate
1773912577.537948,success,173.51,100,web_fetch
1773912577.538618,success,6.95,100,calculate
1773912577.539676,success,8.49,100,calculate
1773912577.540741,success,812.21,100,mock_heavy
1773912577.541288,success,184.63,100,calculate
1773912577.569923,success,170.17,100,calculate
1773912577.600435,success,387.36,100,web_fetch
1773912577.601292,success,478.12,100,web_fetch
1773912577.602645,success,369.63,100,calculate
1773912577.603400,success,554.10,100,web_fetch
1773912577.604479,error,2.15,100,web_fetch
1773912577.604848,error,2.32,100,mock_heavy
1773912577.606035,error,1.55,100,calculate
1773912577.662118,error,2.71,100,web_fetch
1773912577.693378,success,587.69,100,web_fetch
1773912577.726455,error,2.14,100,web_fetch
1773912577.770058,success,340.91,100,calculate
1773912577.847447,success,340.78,100,calculate
1773912577.848502,error,1.51,100,web_fetch
1773912577.894075,success,457.34,100,calculate
1773912577.894756,error,2.62,100,web_fetch
1773912577.895756,error,2.16,100,web_fetch
1773912577.925087,error,1.92,100,web_fetch
1773912577.925818,error,1.72,100,calculate
1773912577.972280,success,380.67,100,calculate
1773912577.988345,success,633.23,100,web_fetch
1773912577.989433,error,2.41,100,web_fetch
1773912577.990062,error,2.84,100,web_fetch
1773912577.991300,error,2.14,100,mock_heavy
1773912578.048028,success,496.15,100,web_fetch
1773912578.048666,error,2.65,100,web_fetch
1773912578.079408,error,4.18,100,calculate
1773912578.081407,error,3.92,100,web_fetch
1773912578.083015,error,3.15,100,mock_heavy
1773912578.084777,error,1.94,100,web_fetch
1773912578.109924,error,1.62,100,calculate
1773912578.157500,success,198.46,100,calculate
1773912578.188231,success,1019.05,100,mock_heavy
1773912578.234097,error,2.12,100,calculate
1773912578.234550,error,2.21,100,calculate
1773912578.281067,success,138.73,100,calculate
1773912578.310697,success,171.75,100,calculate
1773912578.310722,error,3.07,100,calculate
1773912578.312465,error,1.87,100,calculate
1773912578.351956,success,993.23,100,mock_heavy
1773912578.352949,success,391.94,100,calculate
1773912578.354053,success,468.70,100,calculate
1773912578.354723,success,807.11,100,web_fetch
1773912578.388395,error,2.32,100,web_fetch
1773912578.388395,error,2.86,100,calculate
1773912578.390069,error,1.84,100,web_fetch
1773912578.420332,success,771.03,100,calculate
1773912578.465986,error,2.73,100,web_fetch
1773912578.482995,success,1666.77,100,mock_heavy
1773912578.543057,error,2.21,100,web_fetch
1773912578.545268,error,2.29,100,web_fetch
1773912578.572420,error,2.73,100,web_fetch
1773912578.573431,error,2.31,100,web_fetch
1773912578.620330,success,879.61,100,web_fetch
1773912578.743899,success,773.19,100,web_fetch
1773912578.775023,error,1.21,100,calculate
1773912578.821760,error,3.27,100,web_fetch
1773912578.822752,error,2.93,100,mock_heavy
1773912578.823939,error,2.84,100,web_fetch
1773912578.851963,error,2.20,100,web_fetch
1773912578.882252,error,2.75,100,mock_heavy
1773912578.912898,success,725.86,100,web_fetch
1773912578.913907,error,2.31,100,web_fetch
1773912578.915087,error,1.68,100,web_fetch
1773912578.959008,success,801.30,100,web_fetch
1773912579.084174,error,3.03,100,calculate
1773912579.084852,error,2.39,100,mock_heavy
1773912579.114422,error,1.70,100,web_fetch
1773912579.161834,error,3.53,100,calculate
1773912579.162895,error,3.01,100,web_fetch
1773912579.164091,error,2.36,100,calculate
1773912579.191366,success,325.17,100,calculate
1773912579.191916,error,2.43,100,calculate
1773912579.207282,error,2.15,100,calculate
1773912579.252060,success,1128.32,100,mock_heavy
1773912579.252799,error,2.65,100,web_fetch
1773912579.253793,error,2.92,100,mock_heavy
1773912579.254889,error,3.00,100,calculate
1773912579.256161,error,3.04,100,mock_heavy
1773912579.257352,error,2.60,100,web_fetch
1773912579.258656,error,2.38,100,mock_heavy
1773912579.313819,success,400.51,100,calculate
1773912579.314527,error,2.34,100,calculate
1773912579.315583,error,1.83,100,web_fetch
1773912579.345188,error,2.79,100,calculate
1773912579.391320,success,1340.90,100,mock_heavy
1773912579.500969,success,831.86,100,web_fetch
1773912579.502098,success,815.93,100,calculate
1773912579.502693,error,1.13,100,calculate
1773912579.517084,success,1049.77,100,web_fetch
1773912579.518080,error,1.29,100,calculate
1773912579.543760,success,1175.56,100,web_fetch
1773912579.545286,error,1.69,100,calculate
1773912579.574815,error,2.75,100,calculate
1773912579.575532,error,2.58,100,mock_heavy
1773912579.576589,error,1.52,100,mock_heavy
1773912579.606129,error,2.46,100,mock_heavy
1773912579.607180,error,1.49,100,web_fetch
1773912579.683141,success,1064.69,100,web_fetch
1773912579.684885,error,1.76,100,web_fetch
1773912579.760848,error,1.79,100,web_fetch
1773912579.790749,error,2.38,100,calculate
1773912579.821818,error,2.93,100,calculate
1773912579.823496,error,1.79,100,calculate
1773912579.852853,error,3.71,100,calculate
1773912579.854361,error,2.75,100,calculate
1773912579.854911,error,2.75,100,web_fetch
1773912579.856016,error,2.19,100,web_fetch
1773912579.945792,error,2.60,100,calculate
1773912579.977128,success,742.73,100,calculate
1773912580.007915,error,2.35,100,mock_heavy
1773912580.101739,error,2.15,100,mock_heavy
1773912580.147461,error,3.30,100,calculate
1773912580.148089,error,3.46,100,calculate
1773912580.149225,error,2.86,100,calculate
1773912580.150762,error,2.52,100,web_fetch
1773912580.208753,success,675.07,100,web_fetch
1773912580.256122,error,2.47,100,calculate
1773912580.316454,error,2.65,100,calculate
1773912580.378537,success,357.26,100,calculate
1773912580.409646,error,2.16,100,web_fetch
1773912580.455478,success,282.28,100,calculate
1773912580.457113,error,1.74,100,calculate
1773912580.486313,error,2.33,100,web_fetch
1773912580.486858,error,2.43,100,calculate
1773912580.533746,error,2.24,100,web_fetch
1773912580.565058,success,174.72,100,calculate
1773912580.566307,error,2.58,100,calculate
1773912580.567746,error,1.71,100,calculate
1773912580.657196,success,235.66,100,web_fetch
1773912580.658189,error,3.61,100,calculate
1773912580.765520,success,155.70,100,web_fetch
1773912580.765566,success,157.43,100,web_fetch
1773912580.796699,success,5.45,100,calculate
1773912580.842502,success,158.42,100,web_fetch
1773912580.844076,success,6.04,100,calculate
1773912580.844650,success,7.51,100,calculate
1773912580.845360,success,159.84,100,web_fetch
1773912580.846503,success,160.80,100,web_fetch
1773912580.847149,success,161.80,100,web_fetch
1773912580.847857,success,11.89,100,calculate
1773912580.860725,success,4.62,100,calculate
1773912580.861751,success,156.69,100,web_fetch
1773912580.862505,success,6.94,100,calculate
1773912580.862799,success,159.49,100,web_fetch
1773912580.884859,success,4.71,100,calculate
1773912580.921217,success,203.32,100,web_fetch
1773912580.921933,success,202.61,100,web_fetch
1773912580.922996,success,6.83,100,calculate
1773912580.924577,success,7.40,100,calculate
1773912580.999494,success,263.71,100,web_fetch
1773912581.018979,success,6.44,100,calculate
1773912581.020035,success,7.39,100,calculate
1773912581.020656,success,8.84,100,calculate
1773912581.029914,success,187.27,100,web_fetch
1773912581.060764,success,808.05,100,mock_heavy
1773912581.062579,success,277.04,100,web_fetch
1773912581.063121,success,215.35,100,calculate
1773912581.063832,success,601.87,100,web_fetch
1773912581.107234,success,528.25,100,calculate
1773912581.109012,success,479.25,100,calculate
1773912581.110076,success,712.03,100,web_fetch
1773912581.110240,error,2.72,100,calculate
1773912581.125088,error,2.28,100,web_fetch
1773912581.126087,error,1.82,100,mock_heavy
1773912581.153743,error,3.53,100,calculate
1773912581.154375,error,3.47,100,mock_heavy
1773912581.155375,error,3.56,100,mock_heavy
1773912581.156729,error,2.69,100,mock_heavy
1773912581.158391,error,2.39,100,mock_heavy
1773912581.159415,error,2.15,100,web_fetch
1773912581.215443,success,742.30,100,web_fetch
1773912581.216631,error,2.35,100,web_fetch
1773912581.217807,error,1.72,100,calculate
1773912581.278495,error,2.13,100,web_fetch
1773912581.279487,error,1.68,100,mock_heavy
1773912581.323410,success,667.44,100,web_fetch
1773912581.324693,error,1.89,100,web_fetch
1773912581.325341,error,1.79,100,calculate
1773912581.369704,error,2.94,100,calculate
1773912581.371261,error,2.63,100,calculate
1773912581.371982,error,3.25,100,calculate
1773912581.373190,error,3.22,100,mock_heavy
1773912581.374446,error,2.56,100,calculate
1773912581.375308,error,2.32,100,web_fetch
1773912581.416411,error,3.70,100,web_fetch
1773912581.477473,success,391.90,100,calculate
1773912581.509812,error,3.27,100,web_fetch
1773912581.510859,error,2.23,100,web_fetch
1773912581.511414,error,2.69,100,calculate
1773912581.512532,error,1.92,100,calculate
1773912581.555839,success,573.06,100,web_fetch
1773912581.587256,success,587.03,100,web_fetch
1773912581.635480,error,2.43,100,web_fetch
1773912581.636657,error,1.42,100,calculate
1773912581.711515,success,161.99,100,calculate
1773912581.741888,success,401.23,100,web_fetch
1773912581.743620,error,2.51,100,calculate
1773912581.744173,error,2.08,100,web_fetch
1773912581.745054,error,1.74,100,web_fetch
1773912581.822105,success,275.31,100,web_fetch
1773912581.865911,success,476.12,100,web_fetch
1773912581.866946,error,1.87,100,calculate
1773912581.867518,error,1.86,100,calculate
1773912581.873507,success,804.93,100,mock_heavy
1773912581.926205,success,447.52,100,calculate
1773912581.958300,success,537.66,100,web_fetch
1773912581.959300,success,474.04,100,calculate
1773912581.988733,success,585.89,100,web_fetch
1773912581.989971,success,505.99,100,calculate
1773912582.018846,success,540.69,100,calculate
1773912582.020432,error,2.31,100,calculate
1773912582.020432,error,2.85,100,web_fetch
1773912582.022104,error,1.86,100,mock_heavy
1773912582.095667,success,709.01,100,web_fetch
1773912582.127573,error,2.59,100,web_fetch
1773912582.128795,error,1.47,100,calculate
1773912582.143115,success,707.57,100,web_fetch
1773912582.172652,error,3.50,100,calculate
1773912582.174326,error,3.06,100,calculate
1773912582.175384,error,2.00,100,calculate
1773912582.176152,error,2.34,100,web_fetch
1773912582.219642,error,2.20,100,web_fetch
1773912582.265131,success,711.11,100,web_fetch
1773912582.309781,error,3.59,100,web_fetch
1773912582.311400,error,2.94,100,calculate
1773912582.311974,error,2.91,100,web_fetch
1773912582.312833,error,2.90,100,calculate
1773912582.314343,error,2.47,100,calculate
1773912582.342031,success,341.16,100,calculate
1773912582.372368,error,2.54,100,web_fetch
1773912582.373727,error,2.26,100,web_fetch
1773912582.401881,error,2.89,100,web_fetch
1773912582.402889,error,2.42,100,mock_heavy
1773912582.403532,error,1.78,100,calculate
1773912582.479816,error,3.33,100,web_fetch
1773912582.480924,error,2.77,100,calculate
1773912582.481637,error,2.75,100,web_fetch
1773912582.482481,error,2.45,100,web_fetch
1773912582.484271,error,2.02,100,web_fetch
1773912582.526414,success,340.12,100,web_fetch
1773912582.527979,error,2.65,100,web_fetch
1773912582.528695,error,2.03,100,calculate
1773912582.529545,error,1.71,100,web_fetch
1773912582.558290,success,415.88,100,web_fetch
1773912582.604079,error,1.83,100,web_fetch
1773912582.634881,error,2.40,100,calculate
1773912582.634903,error,2.92,100,web_fetch
1773912582.636581,error,1.78,100,web_fetch
1773912582.665845,success,859.54,100,mock_heavy
1773912582.666849,error,3.89,100,web_fetch
1773912582.667451,error,3.84,100,web_fetch
1773912582.741727,success,881.10,100,mock_heavy
1773912582.788186,success,601.77,100,web_fetch
1773912582.866529,success,109.16,100,calculate
1773912582.911544,success,506.41,100,web_fetch
1773912582.912258,success,692.10,100,web_fetch
1773912582.913259,success,505.26,100,calculate
1773912582.941648,success,770.29,100,web_fetch
1773912582.943379,error,2.13,100,web_fetch
1773912583.066258,success,860.78,100,web_fetch
1773912583.067470,success,557.11,100,calculate
1773912583.097093,error,2.71,100,calculate
1773912583.142463,error,2.25,100,calculate
1773912583.249149,success,377.00,100,calculate
1773912583.295982,success,493.14,100,web_fetch
1773912583.340255,error,2.96,100,web_fetch
1773912583.386930,error,3.03,100,web_fetch
1773912583.389957,error,2.70,100,calculate
1773912583.447600,error,2.88,100,calculate
1773912583.449180,error,1.47,100,calculate
1773912583.525388,success,953.64,100,mock_heavy
1773912583.525946,error,3.75,100,mock_heavy
1773912583.527062,error,3.17,100,mock_heavy
1773912583.528359,error,2.52,100,web_fetch
1773912583.529001,error,2.42,100,web_fetch
1773912583.555711,error,2.90,100,web_fetch
1773912583.557315,error,2.88,100,web_fetch
1773912583.557854,error,3.39,100,calculate
1773912583.559175,error,3.13,100,calculate
1773912583.560197,error,3.44,100,calculate
1773912583.561747,error,3.09,100,calculate
1773912583.563565,error,1.84,100,web_fetch
1773912583.602520,success,878.55,100,mock_heavy
1773912583.710018,success,492.59,100,web_fetch
1773912583.740493,success,475.77,100,calculate
1773912583.864081,success,614.95,100,web_fetch
1773912583.864817,success,617.81,100,calculate
1773912583.910480,success,798.80,100,web_fetch
1773912583.927576,success,556.05,100,calculate
1773912583.928595,error,2.68,100,web_fetch
1773912583.929478,error,1.96,100,web_fetch
1773912583.930286,error,1.69,100,calculate
1773912583.972199,success,691.99,100,web_fetch
1773912583.972971,error,2.20,100,calculate
1773912584.017736,error,1.67,100,calculate
1773912584.018406,error,2.11,100,calculate
1773912584.063550,error,1.70,100,web_fetch
1773912584.064254,error,2.04,100,web_fetch
1773912584.140111,error,1.98,100,calculate
1773912584.170118,success,317.95,100,calculate
1773912584.231545,error,2.83,100,calculate
1773912584.233202,error,1.72,100,calculate
1773912584.308345,error,1.71,100,mock_heavy
1773912584.354271,error,2.28,100,web_fetch
1773912584.355277,error,1.37,100,calculate
1773912584.400404,error,3.29,100,web_fetch
1773912584.401438,error,2.82,100,mock_heavy
1773912584.402014,error,2.80,100,calculate
1773912584.403133,error,2.23,100,calculate
1773912584.447002,error,2.72,100,web_fetch
1773912584.448041,error,2.34,100,web_fetch
1773912584.448592,error,3.69,100,calculate
1773912584.452283,error,2.24,100,calculate
1773912584.482627,success,6.78,100,calculate
1773912584.539188,success,4.70,100,calculate
1773912584.570580,success,922.53,100,mock_heavy
1773912584.571571,success,168.33,100,calculate
1773912584.572879,success,396.82,100,web_fetch
1773912584.631691,success,214.21,100,calculate
1773912584.664192,success,444.76,100,web_fetch
1773912584.664736,success,1183.12,100,mock_heavy
1773912584.694128,success,444.57,100,calculate
1773912584.709832,success,1660.32,100,mock_heavy
1773912584.815075,success,846.81,100,calculate
1773912584.846444,success,985.22,100,calculate
1773912584.921916,error,2.59,100,calculate
1773912584.922920,error,2.19,100,calculate
1773912584.952768,success,940.58,100,calculate
1773912585.030406,success,939.13,100,calculate
1773912585.032059,error,2.33,100,calculate
1773912585.032600,error,3.00,100,web_fetch
1773912585.033583,error,2.02,100,calculate
1773912585.034935,error,1.71,100,calculate
1773912585.077061,error,3.80,100,web_fetch
1773912585.077693,error,3.16,100,web_fetch
1773912585.078694,error,2.70,100,mock_heavy
1773912585.107579,success,1649.73,100,mock_heavy
1773912585.108776,error,2.99,100,calculate
1773912585.109504,error,2.27,100,calculate
1773912585.110589,error,1.76,100,calculate
1773912585.138699,error,2.21,100,web_fetch
1773912585.139237,error,2.21,100,calculate
1773912585.183650,error,2.44,100,calculate
1773912585.186633,error,1.67,100,web_fetch
1773912585.276288,error,2.28,100,calculate
1773912585.351602,error,2.91,100,web_fetch
1773912585.352335,error,2.72,100,calculate
1773912585.353332,error,1.72,100,calculate
1773912585.383012,error,1.55,100,calculate
1773912585.383012,error,2.71,100,web_fetch
1773912585.413488,error,1.69,100,web_fetch
1773912585.414178,error,1.00,100,web_fetch
1773912585.461045,error,1.80,100,web_fetch
1773912585.461070,error,2.81,100,mock_heavy
1773912585.491844,success,677.70,100,calculate
1773912585.537697,error,2.86,100,calculate
1773912585.538749,error,2.33,100,web_fetch
1773912585.538749,error,2.53,100,web_fetch
1773912585.584435,error,3.32,100,calculate
1773912585.585497,error,3.02,100,calculate
1773912585.585959,error,3.08,100,calculate
1773912585.587209,error,2.39,100,calculate
1773912585.630492,error,2.83,100,web_fetch
1773912585.707080,error,3.15,100,calculate
1773912585.815192,success,692.76,100,web_fetch
1773912585.832181,success,753.40,100,web_fetch
1773912585.847857,error,3.02,100,calculate
1773912585.848897,error,2.75,100,calculate
1773912585.850220,error,1.67,100,calculate
1773912585.922772,success,539.09,100,calculate
1773912585.953596,success,662.83,100,web_fetch
1773912586.030195,success,508.67,100,calculate
1773912586.137398,success,678.50,100,web_fetch
1773912586.167695,error,2.40,100,mock_heavy
1773912586.170098,error,2.31,100,web_fetch
1773912586.260939,success,432.77,100,calculate
1773912586.290581,error,2.53,100,mock_heavy
1773912586.291137,error,2.62,100,web_fetch
1773912586.368925,success,492.90,100,web_fetch
1773912586.414306,success,344.50,100,calculate
1773912586.415937,error,1.89,100,mock_heavy
1773912586.416574,error,1.79,100,web_fetch
1773912586.460210,success,300.52,100,calculate
1773912586.584728,success,1000.81,100,mock_heavy
1773912586.614835,success,246.99,100,calculate
1773912586.646527,success,447.36,100,web_fetch
1773912586.647642,error,1.80,100,web_fetch
1773912586.723754,success,354.69,100,web_fetch
1773912586.724778,error,2.40,100,mock_heavy
1773912586.725475,error,2.63,100,calculate
1773912586.726111,error,4.44,100,calculate
1773912586.727553,error,3.55,100,calculate
1773912586.728776,error,2.29,100,web_fetch
1773912586.757850,success,181.28,100,calculate
1773912586.799890,success,200.64,100,calculate
1773912586.815893,success,417.60,100,web_fetch
1773912586.816431,success,478.74,100,web_fetch
1773912586.817965,error,2.56,100,web_fetch
1773912586.818810,error,2.92,100,calculate
1773912586.819352,error,2.37,100,calculate
1773912586.820529,error,1.86,100,web_fetch
1773912586.860042,success,496.27,100,web_fetch
1773912586.921787,success,388.04,100,calculate
1773912586.984313,success,539.28,100,web_fetch
1773912587.046345,success,538.64,100,web_fetch
1773912587.047898,error,2.44,100,web_fetch
1773912587.048560,error,2.97,100,web_fetch
1773912587.049222,error,2.83,100,web_fetch
1773912587.050335,error,2.29,100,calculate
1773912587.078442,success,659.66,100,web_fetch
1773912587.094430,error,2.16,100,calculate
1773912587.124589,success,1235.90,100,mock_heavy
1773912587.125618,error,2.04,100,web_fetch
1773912587.185027,error,2.30,100,web_fetch
1773912587.185580,error,2.87,100,web_fetch
1773912587.232172,success,535.24,100,web_fetch
1773912587.232929,error,2.78,100,calculate
1773912587.234033,error,2.24,100,calculate
1773912587.235153,error,1.67,100,web_fetch
1773912587.295167,success,614.59,100,web_fetch
1773912587.339949,error,3.46,100,mock_heavy
1773912587.341635,error,1.78,100,calculate
1773912587.342237,error,1.78,100,calculate
1773912587.385320,error,2.33,100,calculate
1773912587.415836,success,493.92,100,calculate
1773912587.476592,success,447.18,100,calculate
1773912587.523597,success,509.59,100,calculate
1773912587.524137,error,2.24,100,calculate
1773912587.525728,error,1.75,100,web_fetch
1773912587.568190,success,572.56,100,calculate
1773912587.569432,error,3.02,100,web_fetch
1773912587.570557,error,1.89,100,web_fetch
1773912587.571203,error,1.78,100,web_fetch
1773912587.585539,error,2.06,100,web_fetch
1773912587.586525,error,1.61,100,web_fetch
1773912587.644681,success,838.41,100,web_fetch
1773912587.675875,error,1.84,100,web_fetch
1773912587.706729,error,2.30,100,web_fetch
1773912587.707732,error,1.90,100,calculate
1773912587.738106,error,2.59,100,web_fetch
1773912587.739104,error,2.39,100,calculate
1773912587.767416,success,1365.87,100,mock_heavy
1773912587.813791,error,2.21,100,calculate
1773912587.814824,error,1.18,100,calculate
1773912587.860193,error,5.11,100,web_fetch
1773912587.860966,error,4.34,100,calculate
1773912587.862023,error,3.28,100,web_fetch
1773912587.907190,success,591.17,100,calculate
1773912587.908790,error,1.68,100,web_fetch
1773912587.924315,error,1.53,100,calculate
1773912587.925370,error,1.57,100,calculate
1773912587.985118,success,559.35,100,calculate
1773912588.094951,success,481.07,100,calculate
1773912588.096087,error,2.02,100,web_fetch
1773912588.096633,error,2.71,100,mock_heavy
1773912588.097542,error,2.98,100,web_fetch
1773912588.098796,error,2.52,100,mock_heavy
1773912588.099987,error,3.50,100,calculate
1773912588.101314,error,2.35,100,web_fetch
1773912588.102417,error,1.78,100,calculate
1773912588.140752,success,759.98,100,web_fetch
1773912588.232964,error,1.62,100,web_fetch
1773912588.233590,error,2.09,100,calculate
1773912588.264440,success,1286.28,100,mock_heavy
1773912588.295600,error,1.68,100,web_fetch
1773912588.359200,success,571.80,100,calculate
1773912588.389734,success,803.69,100,web_fetch
1773912588.390741,error,2.27,100,web_fetch
1773912588.420713,error,1.94,100,mock_heavy
1773912588.466389,success,713.27,100,calculate
1773912588.467156,error,2.12,100,calculate
1773912588.467788,error,2.02,100,web_fetch
1773912588.483090,error,2.05,100,web_fetch
1773912588.528347,error,2.76,100,web_fetch
1773912588.529878,error,1.76,100,web_fetch
1773912588.575285,success,604.92,100,calculate
1773912588.668106,error,3.21,100,web_fetch
1773912588.669104,error,2.21,100,web_fetch
1773912588.670215,error,2.18,100,mock_heavy
1773912588.728835,success,1394.93,100,mock_heavy
1773912588.729876,error,2.64,100,web_fetch
1773912588.730252,error,2.30,100,web_fetch
1773912588.731370,error,2.26,100,web_fetch
1773912588.733091,error,2.70,100,web_fetch
1773912588.734099,error,2.23,100,web_fetch
1773912588.735212,error,1.66,100,web_fetch
1773912588.773885,error,2.30,100,calculate
1773912588.820732,success,682.92,100,calculate
1773912588.821674,error,2.27,100,calculate
1773912588.822674,error,1.81,100,calculate
1773912588.899307,error,2.23,100,calculate
1773912588.991347,success,745.45,100,web_fetch
1773912588.991947,error,2.64,100,web_fetch
1773912589.022902,error,3.76,100,calculate
1773912589.023521,error,4.15,100,web_fetch
1773912589.024521,error,3.69,100,web_fetch
1773912589.025595,error,3.08,100,web_fetch
1773912589.027125,error,2.68,100,calculate
1773912589.038584,error,3.13,100,web_fetch
1773912589.039591,error,3.58,100,web_fetch
1773912589.040531,error,2.73,100,calculate
1773912589.041719,error,2.09,100,calculate
1773912589.100238,success,542.00,100,calculate
1773912589.131931,error,2.54,100,calculate
1773912589.177011,success,496.95,100,calculate
1773912589.177420,success,528.39,100,calculate
1773912589.178954,error,1.98,100,calculate
1773912589.238576,error,1.63,100,calculate
1773912589.269480,error,2.97,100,calculate
1773912589.270214,error,3.30,100,web_fetch
1773912589.271212,error,3.27,100,mock_heavy
1773912589.272967,error,2.69,100,mock_heavy
1773912589.273938,error,2.83,100,calculate
1773912589.275094,error,2.31,100,calculate
1773912589.276225,error,2.27,100,calculate
1773912589.300345,success,715.11,100,web_fetch
1773912589.331649,error,2.34,100,web_fetch
1773912589.363195,error,2.02,100,web_fetch
1773912589.394764,error,3.16,100,calculate
1773912589.396273,error,2.73,100,calculate
1773912589.396835,error,3.27,100,web_fetch
1773912589.397924,error,2.72,100,calculate
1773912589.399554,error,2.17,100,web_fetch
1773912589.440654,error,2.75,100,web_fetch
1773912589.471940,success,1440.14,100,mock_heavy
1773912589.473434,error,3.92,100,calculate
1773912589.473979,error,4.49,100,web_fetch
1773912589.474772,error,3.64,100,mock_heavy
1773912589.533681,success,697.96,100,web_fetch
1773912589.534689,error,3.07,100,mock_heavy
1773912589.535940,error,1.82,100,calculate
1773912589.536580,error,1.74,100,calculate
1773912589.595823,error,2.28,100,web_fetch
1773912589.626128,success,1284.55,100,mock_heavy
1773912589.627156,error,1.83,100,web_fetch
1773912589.642237,error,3.31,100,calculate
1773912589.643226,error,2.32,100,calculate
1773912589.644424,error,2.22,100,calculate
1773912589.674506,error,2.71,100,calculate
1773912589.674506,success,803.87,100,web_fetch
1773912589.705811,error,2.90,100,calculate
1773912589.706358,error,3.45,100,calculate
1773912589.707484,error,3.28,100,calculate
1773912589.709270,error,2.66,100,calculate
1773912589.710223,error,2.27,100,calculate
1773912589.711380,error,2.21,100,calculate
1773912589.737332,success,956.33,100,calculate
1773912589.797916,error,2.74,100,calculate
1773912589.875741,success,1036.34,100,web_fetch
1773912589.905714,error,31.71,100,calculate
1773912589.906452,error,31.54,100,calculate
1773912589.936386,error,2.16,100,web_fetch
1773912589.937422,error,1.69,100,web_fetch
1773912589.968361,success,954.17,100,web_fetch
1773912590.015986,error,1.97,100,web_fetch
1773912590.046058,success,1000.14,100,web_fetch
1773912590.076005,error,3.18,100,mock_heavy
1773912590.077008,error,2.72,100,web_fetch
1773912590.078006,error,1.72,100,web_fetch
1773912590.153596,success,757.93,100,calculate
1773912590.155389,error,2.66,100,mock_heavy
1773912590.155987,error,2.09,100,calculate
1773912590.157014,error,2.14,100,calculate
1773912590.216080,error,3.03,100,calculate
1773912590.217122,error,2.94,100,calculate
1773912590.217833,error,2.23,100,web_fetch
1773912590.218562,error,2.05,100,calculate
1773912590.292765,success,772.02,100,web_fetch
1773912590.293488,error,3.17,100,web_fetch
1773912590.294486,error,2.56,100,calculate
1773912590.295558,error,2.04,100,mock_heavy
1773912590.354568,success,561.74,100,calculate
1773912590.355280,error,2.69,100,web_fetch
1773912590.356275,error,2.75,100,web_fetch
1773912590.357969,error,2.58,100,calculate
1773912590.400563,error,2.89,100,calculate
1773912590.401273,error,2.18,100,calculate
1773912590.430959,error,2.25,100,web_fetch
1773912590.538756,success,378.09,100,calculate
1773912590.539471,error,2.58,100,web_fetch
1773912590.569961,error,2.27,100,web_fetch
1773912590.631799,success,286.16,100,calculate
1773912590.632901,error,1.94,100,web_fetch
1773912590.633540,error,1.85,100,calculate
1773912590.662566,error,2.90,100,web_fetch
1773912590.663599,error,2.67,100,calculate
1773912590.664240,error,3.21,100,calculate
1773912590.665486,error,2.51,100,web_fetch
1773912590.666812,error,1.91,100,web_fetch
1773912590.723802,error,2.30,100,calculate
1773912590.724911,error,1.92,100,calculate
1773912590.770567,error,1.85,100,calculate
1773912590.800436,error,2.28,100,mock_heavy
1773912590.922530,success,5.14,100,calculate
1773912590.923578,success,5.79,100,calculate
1773912590.955817,success,5.49,100,calculate
1773912591.001985,success,156.61,100,web_fetch
1773912591.095089,success,5.03,100,calculate
1773912591.141552,success,5.32,100,calculate
1773912591.142750,success,6.18,100,calculate
1773912591.219234,success,157.00,100,web_fetch
1773912591.281456,success,157.01,100,web_fetch
1773912591.283263,success,6.48,100,calculate
1773912591.283404,success,8.54,100,calculate
1773912591.328141,success,5.97,100,calculate
1773912591.422318,success,173.14,100,web_fetch
1773912591.438463,success,5.52,100,calculate
1773912591.485020,success,187.54,100,web_fetch
1773912591.486024,success,808.28,100,mock_heavy
1773912591.487406,success,75.68,100,calculate
1773912591.488169,success,168.09,100,calculate
1773912591.531276,success,201.75,100,calculate
1773912591.595462,success,169.56,100,calculate
1773912591.596544,success,308.69,100,calculate
1773912591.640078,success,437.13,100,web_fetch
1773912591.656258,success,496.51,100,web_fetch
1773912591.701517,success,545.21,100,web_fetch
1773912591.702757,error,2.00,100,web_fetch
1773912591.793952,success,296.80,100,calculate
1773912591.825686,success,466.79,100,calculate
1773912591.826689,error,1.73,100,calculate
1773912591.827291,error,1.79,100,calculate
1773912591.856787,success,588.05,100,web_fetch
1773912591.856831,error,3.61,100,mock_heavy
1773912591.858166,error,2.45,100,calculate
1773912591.859377,error,1.79,100,web_fetch
1773912591.888899,error,2.48,100,calculate
1773912591.888899,error,3.02,100,calculate
1773912591.890718,error,1.74,100,web_fetch
1773912591.905229,success,389.62,100,calculate
1773912591.935283,error,3.30,100,web_fetch
1773912591.966260,success,480.01,100,web_fetch
1773912591.967833,error,2.60,100,web_fetch
1773912591.968378,error,3.85,100,calculate
1773912591.969395,error,4.01,100,web_fetch
1773912591.971684,error,2.89,100,web_fetch
1773912591.972859,error,2.29,100,web_fetch
1773912591.974035,error,2.36,100,web_fetch
1773912591.975152,error,1.79,100,calculate
1773912592.013384,error,2.32,100,mock_heavy
1773912592.075348,success,221.59,100,calculate
1773912592.077081,success,372.45,100,web_fetch
1773912592.077757,error,2.29,100,web_fetch
1773912592.122247,error,2.66,100,web_fetch
1773912592.123276,error,2.73,100,mock_heavy
1773912592.123822,error,3.27,100,calculate
1773912592.125451,error,2.18,100,web_fetch
1773912592.126547,error,2.20,100,web_fetch
1773912592.198369,success,253.39,100,web_fetch
1773912592.199078,error,2.66,100,calculate
1773912592.200076,error,2.18,100,web_fetch
1773912592.244961,success,206.80,100,web_fetch
1773912592.246724,error,2.24,100,web_fetch
1773912592.275719,error,2.16,100,calculate
1773912592.337543,success,3.93,100,calculate
1773912592.338181,success,5.33,100,calculate
1773912592.343508,success,4.01,100,calculate
1773912592.368334,success,4.63,100,calculate
1773912592.369365,success,3.60,100,calculate
1773912592.430399,success,156.56,100,web_fetch
1773912592.491515,success,5.36,100,calculate
1773912592.538173,success,5.64,100,calculate
1773912592.585290,success,5.48,100,calculate
1773912592.647765,success,5.32,100,calculate
1773912592.663177,success,156.51,100,web_fetch
1773912592.695197,success,5.87,100,calculate
1773912592.696832,success,6.37,100,calculate
1773912592.697407,success,202.01,100,web_fetch
1773912592.698081,success,8.88,100,calculate
1773912592.699258,success,169.68,100,web_fetch
1773912592.700059,success,199.36,100,web_fetch
1773912592.772462,success,219.09,100,web_fetch
1773912592.773122,success,188.20,100,web_fetch
1773912592.774130,success,201.65,100,web_fetch
1773912592.850128,success,806.82,100,mock_heavy
1773912592.851809,success,336.71,100,web_fetch
1773912592.868933,success,259.89,100,calculate
1773912592.870751,success,424.95,100,calculate
1773912592.870851,success,533.92,100,calculate
1773912592.898071,success,506.51,100,calculate
1773912592.943835,success,661.78,100,web_fetch
1773912592.944499,error,2.52,100,web_fetch
1773912592.945680,error,1.91,100,web_fetch
1773912593.080231,success,511.04,100,calculate
1773912593.126987,success,531.46,100,calculate
1773912593.128254,error,2.27,100,calculate
1773912593.129390,error,1.69,100,calculate
1773912593.187524,error,2.15,100,calculate
1773912593.217669,error,2.73,100,calculate
1773912593.263787,success,546.92,100,web_fetch
1773912593.295706,success,516.60,100,web_fetch
1773912593.296723,error,2.89,100,web_fetch
1773912593.297281,error,2.87,100,web_fetch
1773912593.298488,error,2.22,100,web_fetch
1773912593.299047,error,2.20,100,calculate
1773912593.356155,error,3.46,100,calculate
1773912593.357160,error,3.47,100,web_fetch
1773912593.358416,error,2.22,100,calculate
1773912593.359075,error,3.46,100,mock_heavy
1773912593.360633,error,2.62,100,web_fetch
1773912593.361996,error,1.80,100,web_fetch
1773912593.403074,success,259.97,100,calculate
1773912593.418694,error,2.68,100,web_fetch
1773912593.418720,error,3.87,100,calculate
1773912593.420412,error,2.84,100,mock_heavy
1773912593.421447,error,2.63,100,web_fetch
1773912593.422711,error,1.92,100,web_fetch
1773912593.464818,error,2.20,100,calculate
1773912593.495967,error,2.77,100,calculate
1773912593.496976,error,1.78,100,web_fetch
1773912593.527184,success,288.57,100,web_fetch
1773912593.528128,error,2.10,100,calculate
1773912593.529131,error,1.66,100,calculate
1773912593.588970,error,2.96,100,web_fetch
1773912593.590608,error,1.87,100,web_fetch
1773912593.651195,success,165.62,100,web_fetch
1773912593.698952,success,156.75,100,web_fetch
1773912593.700008,success,5.59,100,calculate
1773912593.700567,success,157.96,100,web_fetch
1773912593.701136,success,7.39,100,calculate
1773912593.702389,success,7.20,100,calculate
1773912593.703539,success,159.02,100,web_fetch
1773912593.744437,success,157.34,100,web_fetch
1773912593.791276,success,156.77,100,web_fetch
1773912593.837659,success,155.92,100,web_fetch
1773912593.838654,success,6.06,100,calculate
1773912593.839658,success,158.06,100,web_fetch
1773912593.901206,success,156.15,100,web_fetch
1773912593.945707,success,5.47,100,calculate
1773912593.951747,success,4.83,100,calculate
1773912593.952742,success,6.20,100,calculate
1773912594.053914,success,157.29,100,web_fetch
1773912594.131497,success,5.53,100,calculate
1773912594.162598,success,155.91,100,web_fetch
1773912594.211203,success,6.37,100,calculate
1773912594.213451,success,156.89,100,web_fetch
1773912594.217575,success,5.02,100,calculate
1773912594.255721,success,5.62,100,calculate
1773912594.318512,success,5.04,100,calculate
1773912594.410586,success,157.09,100,web_fetch
1773912594.456655,success,156.75,100,web_fetch
1773912594.519681,success,5.31,100,calculate
1773912594.520306,success,157.76,100,web_fetch
1773912594.567676,success,5.41,100,calculate
1773912594.641603,success,156.94,100,web_fetch
1773912594.703455,success,6.50,100,calculate
1773912594.705335,success,157.91,100,web_fetch
1773912594.765245,success,157.20,100,web_fetch
1773912594.798540,success,232.90,100,web_fetch
1773912594.800320,success,5.86,100,calculate
1773912594.863240,success,5.58,100,calculate
1773912594.922442,success,5.42,100,calculate
1773912594.923920,success,959.89,100,mock_heavy
1773912594.924827,success,91.08,100,calculate
1773912594.925553,success,166.57,100,calculate
1773912594.926379,success,1113.46,100,mock_heavy
1773912594.926921,success,521.61,100,calculate
1773912594.968434,success,526.44,100,calculate
1773912595.014157,success,603.77,100,calculate
1773912595.031440,success,1542.65,100,mock_heavy
1773912595.076393,success,1086.08,100,web_fetch
1773912595.245756,success,824.71,100,calculate
1773912595.247377,error,1.80,100,web_fetch
1773912595.292636,error,1.77,100,calculate
1773912595.370088,success,1023.82,100,web_fetch
1773912595.400331,error,2.08,100,web_fetch
1773912595.401021,error,2.09,100,web_fetch
1773912595.446798,error,2.85,100,web_fetch
1773912595.447461,error,3.92,100,web_fetch
1773912595.449089,error,3.23,100,calculate
1773912595.450266,error,2.59,100,web_fetch
1773912595.451901,error,1.65,100,web_fetch
1773912595.492997,success,915.89,100,web_fetch
1773912595.494338,error,1.72,100,web_fetch
1773912595.495511,error,1.71,100,mock_heavy
1773912595.539489,error,2.28,100,mock_heavy
1773912595.539489,error,2.47,100,calculate
1773912595.586108,error,1.70,100,web_fetch
1773912595.586751,error,2.07,100,calculate
1773912595.648282,error,2.78,100,web_fetch
1773912595.741555,success,545.00,100,calculate
1773912595.818745,success,755.34,100,web_fetch
1773912595.819440,error,2.82,100,calculate
1773912595.866132,error,2.22,100,mock_heavy
1773912595.913821,error,2.92,100,calculate
1773912595.914931,error,1.81,100,web_fetch
1773912595.915566,error,1.77,100,calculate
1773912596.037453,success,637.73,100,web_fetch
1773912596.039299,error,2.42,100,calculate
1773912596.040537,error,1.72,100,calculate
1773912596.068787,error,2.22,100,calculate
1773912596.145811,success,430.02,100,calculate
1773912596.191543,success,387.18,100,calculate
1773912596.238056,success,637.23,100,web_fetch
1773912596.239059,error,2.60,100,calculate
1773912596.285354,error,1.74,100,web_fetch
1773912596.331859,success,1087.86,100,mock_heavy
1773912596.377487,success,249.55,100,calculate
1773912596.394441,error,1.69,100,web_fetch
1773912596.486316,success,296.60,100,calculate
1773912596.487903,error,2.94,100,calculate
1773912596.488737,error,3.55,100,calculate
1773912596.489991,error,2.84,100,web_fetch
1773912596.491387,error,2.14,100,web_fetch
1773912596.563659,error,3.00,100,calculate
1773912596.564316,error,2.40,100,mock_heavy
1773912596.565370,error,1.88,100,mock_heavy
1773912596.627041,success,357.42,100,calculate
1773912596.628043,success,1129.86,100,mock_heavy
1773912596.629157,success,588.63,100,calculate
1773912596.629988,success,789.18,100,web_fetch
1773912596.630527,success,789.16,100,calculate
1773912596.631518,error,2.25,100,web_fetch
1773912596.632058,error,2.88,100,calculate
1773912596.633205,error,2.58,100,calculate
1773912596.634345,error,2.67,100,calculate
1773912596.635243,error,2.41,100,calculate
1773912596.636472,error,2.23,100,web_fetch
1773912596.673634,error,2.64,100,web_fetch
1773912596.766383,success,836.21,100,web_fetch
1773912596.782920,error,2.24,100,calculate
1773912596.843827,error,3.42,100,web_fetch
1773912596.844835,error,2.43,100,calculate
1773912596.846083,error,1.73,100,web_fetch
1773912596.906274,success,635.24,100,calculate
1773912596.907305,error,1.71,100,web_fetch
1773912596.984460,error,2.22,100,web_fetch
1773912597.015420,error,1.78,100,web_fetch
1773912597.046259,error,4.33,100,calculate
1773912597.047017,error,4.11,100,mock_heavy
1773912597.049268,error,2.40,100,calculate
1773912597.139111,success,402.19,100,calculate
1773912597.185430,error,2.84,100,web_fetch
1773912597.218343,success,555.78,100,web_fetch
1773912597.246946,error,2.78,100,calculate
1773912597.293325,error,2.59,100,mock_heavy
1773912597.294313,error,2.12,100,calculate
1773912597.324002,success,326.17,100,calculate
1773912597.384738,success,1128.21,100,mock_heavy
1773912597.386631,error,1.92,100,calculate
1773912597.447466,success,403.86,100,calculate
1773912597.448141,error,2.05,100,mock_heavy
1773912597.539573,success,1190.11,100,mock_heavy
1773912597.586265,success,912.99,100,web_fetch
1773912597.679487,success,632.86,100,calculate
1773912597.725958,success,1044.87,100,web_fetch
1773912597.727522,error,1.90,100,calculate
1773912597.728242,error,1.72,100,web_fetch
1773912597.774122,error,2.15,100,mock_heavy
1773912597.774661,error,2.18,100,calculate
1773912597.851323,success,997.75,100,web_fetch
1773912597.880495,success,1000.92,100,web_fetch
1773912597.911537,error,2.26,100,web_fetch
1773912597.912091,error,2.35,100,mock_heavy
1773912597.958174,error,2.75,100,web_fetch
1773912598.051479,success,832.10,100,web_fetch
1773912598.053080,error,2.31,100,calculate
1773912598.053965,error,2.07,100,web_fetch
1773912598.054826,error,1.77,100,web_fetch
1773912598.097066,error,1.00,100,web_fetch
1773912598.098066,error,1.03,100,web_fetch
1773912598.158050,error,2.09,100,web_fetch
1773912598.159064,error,1.60,100,calculate
1773912598.204097,error,1.56,100,calculate
1773912598.234384,success,649.20,100,web_fetch
1773912598.235389,error,1.59,100,web_fetch
1773912598.341614,error,3.07,100,calculate
1773912598.342180,error,3.05,100,calculate
1773912598.343982,error,1.79,100,web_fetch
1773912598.388218,error,2.27,100,calculate
1773912598.389725,error,1.31,100,calculate
1773912598.435906,error,2.34,100,web_fetch
1773912598.436971,error,1.83,100,calculate
1773912598.497569,error,3.53,100,web_fetch
1773912598.499257,error,2.56,100,web_fetch
1773912598.500558,error,2.35,100,mock_heavy
1773912598.543007,error,2.69,100,calculate
1773912598.545699,error,2.16,100,calculate
1773912598.619613,success,113.85,100,calculate
1773912598.649670,success,85.86,100,calculate
1773912598.650672,error,2.19,100,calculate
1773912598.680790,error,1.71,100,calculate
1773912598.680818,error,2.85,100,web_fetch
1773912598.733461,success,156.54,100,web_fetch
1773912598.757607,success,5.03,100,calculate
1773912598.758607,success,156.57,100,web_fetch
1773912598.804923,success,5.38,100,calculate
1773912598.805610,success,157.39,100,web_fetch
1773912598.835712,success,5.53,100,calculate
1773912598.890030,success,156.22,100,web_fetch
1773912598.915181,success,156.09,100,web_fetch
1773912598.916224,success,6.19,100,calculate
1773912598.959044,success,157.29,100,web_fetch
1773912599.046794,success,5.47,100,calculate
1773912599.047901,success,190.35,100,web_fetch
1773912599.098230,success,187.20,100,web_fetch
1773912599.099308,success,201.47,100,web_fetch
1773912599.190290,success,190.02,100,web_fetch
1773912599.192046,success,806.73,100,mock_heavy
1773912599.221915,success,342.75,100,web_fetch
1773912599.268785,success,171.64,100,calculate
1773912599.285430,success,233.30,100,calculate
1773912599.300781,success,404.51,100,web_fetch
1773912599.346787,success,528.04,100,web_fetch
1773912599.377412,success,341.77,100,calculate
1773912599.379124,error,2.73,100,web_fetch
1773912599.380680,error,1.72,100,calculate
1773912599.408788,success,528.74,100,web_fetch
1773912599.470957,error,2.72,100,web_fetch
1773912599.470957,success,371.86,100,calculate
1773912599.517020,success,465.96,100,calculate
1773912599.548445,success,450.89,100,calculate
1773912599.549178,error,2.81,100,web_fetch
1773912599.550585,error,2.58,100,calculate
1773912599.551409,error,2.52,100,web_fetch
1773912599.552623,error,1.85,100,web_fetch
1773912599.564669,error,2.21,100,calculate
1773912599.595073,error,3.75,100,web_fetch
1773912599.641492,success,510.59,100,web_fetch
1773912599.642494,error,2.30,100,web_fetch
1773912599.703639,success,449.49,100,web_fetch
1773912599.704742,error,3.66,100,calculate
1773912599.705935,error,2.59,100,web_fetch
1773912599.706474,error,3.36,100,web_fetch
1773912599.707596,error,3.54,100,mock_heavy
1773912599.708529,error,3.76,100,mock_heavy
1773912599.709834,error,3.06,100,web_fetch
1773912599.711707,error,1.82,100,web_fetch
1773912599.719181,error,2.79,100,calculate
1773912599.719717,error,3.35,100,web_fetch
1773912599.720844,error,3.17,100,mock_heavy
1773912599.722523,error,2.41,100,web_fetch
1773912599.723466,error,2.02,100,calculate
1773912599.764614,error,1.97,100,web_fetch
1773912599.764614,error,3.01,100,web_fetch
1773912599.842812,success,160.43,100,calculate
1773912599.873504,success,282.25,100,web_fetch
1773912599.935352,error,2.74,100,web_fetch
1773912599.936985,error,2.25,100,web_fetch
1773912599.967153,success,39.89,100,calculate
1773912599.968156,error,1.81,100,mock_heavy
1773912599.998776,success,160.62,100,web_fetch
1773912600.000357,success,161.17,100,web_fetch
1773912600.001015,success,10.39,100,calculate
1773912600.001682,success,11.62,100,calculate
1773912600.043014,success,4.70,100,calculate
1773912600.104611,success,5.17,100,calculate
1773912600.106215,success,5.54,100,calculate
1773912600.106935,success,7.22,100,calculate
1773912600.155756,success,7.42,100,calculate
1773912600.156812,success,159.37,100,web_fetch
1773912600.274348,success,156.51,100,web_fetch
1773912600.305069,success,156.76,100,web_fetch
1773912600.430862,success,200.41,100,web_fetch
1773912600.431550,success,246.35,100,web_fetch
1773912600.461829,success,5.11,100,calculate
1773912600.466944,success,226.76,100,web_fetch
1773912600.492867,success,926.35,100,mock_heavy
1773912600.493563,success,215.02,100,web_fetch
1773912600.584987,success,138.29,100,calculate
1773912600.586233,success,323.10,100,web_fetch
1773912600.615128,success,308.75,100,web_fetch
1773912600.661540,success,984.52,100,mock_heavy
1773912600.678442,success,460.96,100,web_fetch
1773912600.679212,success,661.92,100,web_fetch
1773912600.679847,success,569.35,100,calculate
1773912600.681022,error,2.32,100,mock_heavy
1773912600.681563,error,2.32,100,calculate
1773912600.682604,error,1.28,100,web_fetch
1773912600.694244,error,2.62,100,calculate
1773912600.695206,error,2.45,100,calculate
1773912600.695752,error,2.44,100,web_fetch
1773912600.697535,error,1.36,100,web_fetch
1773912600.723275,success,695.94,100,calculate
1773912600.753266,error,1.73,100,calculate
1773912600.814735,success,635.92,100,calculate
1773912600.815511,error,2.04,100,calculate
1773912600.816511,error,1.58,100,calculate
1773912600.891997,success,635.74,100,calculate
1773912600.909338,error,2.53,100,web_fetch
1773912600.910372,error,1.69,100,web_fetch
1773912600.983987,success,790.51,100,web_fetch
1773912600.985636,error,1.90,100,mock_heavy
1773912600.986177,error,1.90,100,web_fetch
1773912601.015947,error,2.64,100,calculate
1773912601.016996,error,2.28,100,mock_heavy
1773912601.017474,error,1.81,100,calculate
1773912601.046552,error,1.69,100,calculate
1773912601.077016,error,2.35,100,calculate
1773912601.077772,error,2.14,100,mock_heavy
1773912601.200301,success,636.30,100,web_fetch
1773912601.308753,success,527.30,100,web_fetch
1773912601.339354,error,2.32,100,web_fetch
1773912601.370433,success,281.20,100,calculate
1773912601.371170,error,2.06,100,web_fetch
1773912601.372167,error,2.66,100,web_fetch
1773912601.373775,error,1.70,100,web_fetch
1773912601.417539,error,2.85,100,web_fetch
1773912601.525465,success,372.37,100,web_fetch
1773912601.527187,error,2.83,100,calculate
1773912601.528646,error,1.91,100,calculate
1773912601.529194,error,2.00,100,web_fetch
1773912601.602791,success,217.29,100,web_fetch
1773912601.633955,success,21.21,100,calculate
1773912601.635511,error,2.08,100,web_fetch
1773912601.655169,success,5.51,100,calculate
1773912601.696454,success,247.14,100,web_fetch
1773912601.727035,success,846.78,100,mock_heavy
1773912601.772712,success,926.10,100,mock_heavy
1773912601.804326,success,482.07,100,web_fetch
1773912601.805261,success,632.27,100,calculate
1773912601.820085,success,785.35,100,web_fetch
1773912601.822297,success,844.51,100,web_fetch
1773912601.822839,success,1028.93,100,web_fetch
1773912601.824024,error,1.85,100,web_fetch
1773912601.896013,error,2.54,100,web_fetch
1773912601.927584,error,2.30,100,calculate
1773912601.943593,error,3.01,100,mock_heavy
1773912601.944134,error,2.47,100,web_fetch
1773912601.945351,error,2.33,100,web_fetch
1773912602.004901,success,694.90,100,calculate
1773912602.051233,error,3.11,100,calculate
1773912602.052235,error,2.28,100,web_fetch
1773912602.112554,error,2.84,100,calculate
1773912602.114241,error,1.69,100,web_fetch
1773912602.176182,success,705.99,100,web_fetch
1773912602.237887,error,2.23,100,web_fetch
1773912602.284787,error,3.22,100,web_fetch
1773912602.286057,error,2.31,100,web_fetch
1773912602.287425,error,2.03,100,web_fetch
1773912602.346005,success,357.69,100,calculate
1773912602.437557,error,1.80,100,calculate
1773912602.512063,error,1.68,100,web_fetch
1773912602.512063,success,400.54,100,web_fetch
1773912602.513741,error,1.19,100,web_fetch
1773912602.558708,success,338.90,100,web_fetch
1773912602.559708,error,2.45,100,calculate
1773912602.605968,error,2.56,100,web_fetch
1773912602.605968,error,3.88,100,web_fetch
1773912602.607517,error,2.33,100,calculate
1773912602.608524,error,2.42,100,web_fetch
1773912602.651255,success,57.60,100,calculate
1773912602.696353,error,3.45,100,web_fetch
1773912602.698100,success,12.37,100,calculate
1773912602.758614,success,807.82,100,mock_heavy
1773912602.804036,success,108.56,100,calculate
1773912602.942074,success,294.83,100,web_fetch
1773912602.943076,success,510.09,100,web_fetch
1773912602.943830,success,385.41,100,web_fetch
1773912603.003365,success,561.02,100,web_fetch
1773912603.049534,success,710.34,100,web_fetch
1773912603.051217,success,515.22,100,calculate
1773912603.080766,error,2.74,100,calculate
1773912603.110907,success,666.37,100,web_fetch
1773912603.111951,error,1.04,100,web_fetch
1773912603.111951,error,1.68,100,web_fetch
1773912603.112852,error,0.78,100,web_fetch
1773912603.173193,error,2.96,100,calculate
1773912603.174745,error,1.95,100,web_fetch
1773912603.175447,error,1.79,100,web_fetch
1773912603.203672,success,542.88,100,web_fetch
1773912603.204670,error,2.57,100,calculate
1773912603.205554,error,2.28,100,web_fetch
1773912603.206702,error,2.22,100,calculate
1773912603.236906,error,2.28,100,web_fetch
1773912603.237960,error,1.76,100,web_fetch
1773912603.281922,error,2.20,100,mock_heavy
1773912603.312891,success,447.53,100,web_fetch
1773912603.313289,error,3.15,100,web_fetch
1773912603.314276,error,2.72,100,calculate
1773912603.315337,error,1.66,100,calculate
1773912603.374835,error,2.69,100,calculate
1773912603.420660,error,2.80,100,web_fetch
1773912603.453171,success,115.35,100,calculate
1773912603.483202,error,2.26,100,calculate
1773912603.483854,error,2.15,100,web_fetch
1773912603.558539,success,12.14,100,calculate
1773912603.560093,success,184.61,100,web_fetch
1773912603.564933,success,273.25,100,web_fetch
1773912603.604891,success,218.37,100,web_fetch
1773912603.605953,success,833.44,100,mock_heavy
1773912603.606646,success,216.61,100,web_fetch
1773912603.607492,success,170.32,100,calculate
1773912603.608032,success,476.90,100,web_fetch
1773912603.635208,success,310.52,100,calculate
1773912603.665733,success,449.28,100,web_fetch
1773912603.667229,success,1247.06,100,mock_heavy
1773912603.712226,success,680.02,100,web_fetch
1773912603.745355,error,2.28,100,web_fetch
1773912603.746548,error,2.10,100,web_fetch
1773912603.806080,success,570.78,100,calculate
1773912603.823258,error,2.52,100,web_fetch
1773912603.824645,error,1.69,100,calculate
1773912603.869197,success,814.60,100,web_fetch
1773912603.898988,error,2.76,100,calculate
1773912603.945724,success,1387.11,100,mock_heavy
1773912603.946713,success,1105.16,100,web_fetch
1773912603.990139,error,1.75,100,web_fetch
1773912604.021428,error,2.65,100,web_fetch
1773912604.052778,error,2.69,100,web_fetch
1773912604.053807,error,2.30,100,calculate
1773912604.054281,error,1.88,100,web_fetch
1773912604.190945,success,970.29,100,web_fetch
1773912604.191700,error,2.10,100,calculate
1773912604.237032,success,1095.26,100,web_fetch
1773912604.238584,error,2.52,100,calculate
1773912604.239350,error,1.76,100,web_fetch
1773912604.239928,error,1.72,100,calculate
1773912604.267809,error,1.77,100,web_fetch
1773912604.438105,success,970.71,100,web_fetch
1773912604.483808,error,3.21,100,calculate
1773912604.483808,success,848.48,100,calculate
1773912604.515450,error,2.86,100,web_fetch
1773912604.516581,error,2.84,100,calculate
1773912604.517185,error,2.87,100,web_fetch
1773912604.518306,error,1.81,100,web_fetch
1773912604.666842,error,2.85,100,calculate
1773912604.805079,success,757.39,100,web_fetch
1773912604.865668,success,468.70,100,calculate
1773912604.912493,error,2.47,100,web_fetch
1773912604.958749,success,378.76,100,calculate
1773912604.959753,error,3.62,100,web_fetch
1773912604.989362,error,2.28,100,calculate
1773912605.035938,error,2.65,100,calculate
1773912605.036202,error,2.92,100,web_fetch
1773912605.037338,error,1.79,100,calculate
1773912605.051873,error,2.28,100,web_fetch
1773912605.052411,error,2.34,100,web_fetch
1773912605.083263,error,1.94,100,web_fetch
1773912605.083263,error,2.55,100,calculate
1773912605.145425,success,401.58,100,web_fetch
1773912605.161238,error,2.61,100,web_fetch
1773912605.253396,success,886.35,100,mock_heavy
1773912605.330935,success,62.39,100,calculate
1773912605.361481,success,62.55,100,calculate
1773912605.393326,success,262.73,100,web_fetch
1773912605.424585,success,339.76,100,web_fetch
1773912605.483999,success,419.49,100,web_fetch
1773912605.547009,success,247.92,100,calculate
1773912605.547551,success,540.41,100,web_fetch
1773912605.562473,success,448.12,100,calculate
1773912605.563468,success,570.62,100,calculate
1773912605.565058,error,1.85,100,calculate
1773912605.608109,error,2.28,100,web_fetch
1773912605.609143,error,1.43,100,web_fetch
1773912605.654257,error,2.97,100,calculate
1773912605.654583,error,3.19,100,calculate
1773912605.656052,error,2.30,100,calculate
1773912605.684850,success,607.98,100,web_fetch
1773912605.686379,error,2.14,100,web_fetch
1773912605.687155,error,1.93,100,web_fetch
1773912605.687967,error,1.68,100,calculate
1773912605.731257,success,411.48,100,calculate
1773912605.732813,error,2.77,100,web_fetch
1773912605.733549,error,2.58,100,calculate
1773912605.734387,error,2.65,100,calculate
1773912605.734933,error,2.71,100,calculate
1773912605.762114,error,2.80,100,calculate
1773912605.763796,error,2.21,100,mock_heavy
1773912605.824424,success,470.01,100,web_fetch
1773912605.904000,error,1.82,100,web_fetch
1773912605.904022,error,2.49,100,calculate
1773912605.933986,success,212.31,100,calculate
1773912605.935028,error,1.86,100,calculate
1773912605.935728,error,1.76,100,mock_heavy
1773912605.980230,error,2.35,100,web_fetch
1773912605.981227,error,1.90,100,calculate
1773912605.981895,error,1.78,100,calculate
1773912606.011879,success,136.54,100,calculate
1773912606.041295,error,2.39,100,calculate
1773912606.088494,error,1.71,100,mock_heavy
1773912606.180712,success,155.96,100,web_fetch
1773912606.243202,success,158.04,100,web_fetch
1773912606.273686,success,157.02,100,web_fetch
1773912606.336668,success,5.37,100,calculate
1773912606.382705,success,186.39,100,web_fetch
1773912606.384453,success,339.60,100,web_fetch
1773912606.430705,success,277.64,100,web_fetch
1773912606.431765,success,806.84,100,mock_heavy
1773912606.474587,success,93.96,100,calculate
1773912606.504941,success,390.73,100,web_fetch
1773912606.552083,success,404.42,100,web_fetch
1773912606.569099,success,326.51,100,calculate
1773912606.599136,success,358.47,100,calculate
1773912606.661668,success,573.75,100,web_fetch
1773912606.662816,success,495.00,100,calculate
1773912606.663433,error,2.27,100,web_fetch
1773912606.708342,success,632.78,100,web_fetch
1773912606.724110,error,2.29,100,mock_heavy
1773912606.725154,error,1.79,100,calculate
1773912606.754715,error,3.05,100,calculate
1773912606.755445,error,2.32,100,calculate
1773912606.756443,error,2.42,100,calculate
1773912606.832125,success,560.67,100,web_fetch
1773912606.894186,success,347.41,100,calculate
1773912606.924596,error,1.76,100,web_fetch
1773912606.925353,error,2.05,100,calculate
1773912606.954900,success,287.88,100,calculate
1773912606.957056,error,1.70,100,web_fetch
1773912607.017260,error,4.22,100,web_fetch
1773912607.018981,error,3.59,100,calculate
1773912607.019521,error,3.55,100,calculate
1773912607.022021,error,2.15,100,calculate
1773912607.048609,error,2.85,100,calculate
1773912607.050290,error,1.74,100,web_fetch
1773912607.095285,success,149.53,100,calculate
1773912607.141834,success,104.96,100,calculate
1773912607.188538,error,1.91,100,web_fetch
1773912607.188538,error,3.00,100,web_fetch
1773912607.297355,success,5.51,100,calculate
1773912607.341664,success,4.60,100,calculate
1773912607.390964,success,156.40,100,web_fetch
1773912607.392798,success,157.84,100,web_fetch
1773912607.393880,success,157.06,100,web_fetch
1773912607.394684,success,7.38,100,calculate
1773912607.395476,success,8.61,100,calculate
1773912607.437518,success,156.52,100,web_fetch
1773912607.484229,success,156.54,100,web_fetch
1773912607.485796,success,5.70,100,calculate
1773912607.531731,success,5.70,100,calculate
1773912607.547730,success,156.78,100,web_fetch
1773912607.548394,success,157.84,100,web_fetch
1773912607.549392,success,7.64,100,calculate
1773912607.594038,success,155.85,100,web_fetch
1773912607.595091,success,5.94,100,calculate
1773912607.672766,success,156.79,100,web_fetch
1773912607.705057,success,155.83,100,web_fetch
1773912607.734160,success,155.98,100,web_fetch
1773912607.750916,success,4.90,100,calculate
1773912607.780154,success,4.97,100,calculate
1773912607.827841,success,4.96,100,calculate
1773912607.860887,success,156.53,100,web_fetch
1773912607.862468,success,158.27,100,web_fetch
1773912607.921361,success,156.37,100,web_fetch
1773912607.922437,success,5.66,100,calculate
1773912607.922437,success,159.14,100,web_fetch
1773912607.924084,success,9.07,100,calculate
1773912607.924969,success,10.20,100,calculate
1773912607.967923,success,173.29,100,web_fetch
1773912607.969088,success,172.64,100,web_fetch
1773912607.969441,success,185.09,100,web_fetch
1773912607.970789,success,8.25,100,calculate
1773912607.970940,success,170.27,100,web_fetch
1773912608.014267,success,6.47,100,calculate
1773912608.077730,success,851.89,100,mock_heavy
1773912608.107275,success,142.26,100,calculate
1773912608.138194,success,389.62,100,web_fetch
1773912608.139819,success,1096.16,100,mock_heavy
1773912608.155068,success,1206.55,100,mock_heavy
1773912608.216886,success,730.99,100,web_fetch
1773912608.247489,success,713.21,100,calculate
1773912608.249245,error,2.37,100,web_fetch
1773912608.250252,error,1.90,100,calculate
1773912608.355119,success,913.58,100,web_fetch
1773912608.356729,error,2.14,100,web_fetch
1773912608.401977,success,898.25,100,calculate
1773912608.433273,error,2.70,100,web_fetch
1773912608.464098,success,1054.07,100,web_fetch
1773912608.527818,error,2.91,100,web_fetch
1773912608.530724,error,2.40,100,calculate
1773912608.604122,error,1.70,100,calculate
1773912608.604822,error,2.07,100,web_fetch
1773912608.665780,success,916.74,100,web_fetch
1773912608.697490,error,3.25,100,mock_heavy
1773912608.698154,error,3.28,100,calculate
1773912608.701438,error,2.18,100,calculate
1773912608.728260,error,2.96,100,calculate
1773912608.758612,error,2.92,100,web_fetch
1773912608.788963,error,2.86,100,web_fetch
1773912608.790517,error,1.46,100,web_fetch
1773912608.913447,success,449.63,100,calculate
1773912608.947879,error,2.03,100,mock_heavy
1773912608.948906,error,1.56,100,calculate
1773912608.990061,success,590.93,100,web_fetch
1773912609.036731,error,2.38,100,web_fetch
1773912609.065752,error,2.32,100,calculate
1773912609.127303,error,2.81,100,web_fetch
1773912609.174547,error,2.81,100,web_fetch
1773912609.175290,error,2.61,100,calculate
1773912609.176287,error,2.16,100,mock_heavy
1773912609.221461,error,2.70,100,web_fetch
1773912609.268704,success,297.71,100,web_fetch
1773912609.298431,success,284.67,100,web_fetch
1773912609.344360,success,24.25,100,calculate
1773912609.344905,error,3.74,100,calculate
1773912609.346517,error,2.98,100,web_fetch
1773912609.347081,error,2.98,100,web_fetch
1773912609.348501,error,2.11,100,web_fetch
1773912609.361640,success,7.88,100,calculate
1773912609.362527,success,203.35,100,web_fetch
1773912609.363636,success,8.94,100,calculate
1773912609.406402,success,296.47,100,web_fetch
1773912609.407409,success,6.16,100,calculate
1773912609.438056,success,838.14,100,mock_heavy
1773912609.469576,success,111.94,100,calculate
1773912609.500940,success,155.66,100,calculate
1773912609.518165,success,1048.64,100,mock_heavy
1773912609.547827,success,387.38,100,calculate
1773912609.581980,success,446.73,100,calculate
1773912609.609489,success,528.25,100,calculate
1773912609.611012,success,634.66,100,calculate
1773912609.656602,success,865.28,100,web_fetch
1773912609.657598,error,2.56,100,mock_heavy
1773912609.686614,error,2.76,100,calculate
1773912609.688190,error,1.73,100,web_fetch
1773912609.749310,error,2.15,100,calculate
1773912609.795660,success,756.98,100,web_fetch
1773912609.796687,error,1.85,100,web_fetch
1773912609.826530,error,2.74,100,web_fetch
1773912609.902894,success,573.30,100,calculate
1773912609.935206,error,2.03,100,web_fetch
1773912609.936255,error,1.63,100,web_fetch
1773912610.027466,success,510.44,100,calculate
1773912610.104526,error,2.91,100,calculate
1773912610.106177,error,1.80,100,web_fetch
1773912610.135822,success,432.72,100,calculate
1773912610.181769,success,601.53,100,web_fetch
1773912610.211942,error,2.69,100,calculate
1773912610.213521,error,1.66,100,calculate
1773912610.243675,error,2.74,100,web_fetch
1773912610.244459,error,2.50,100,calculate
1773912610.275189,error,2.87,100,calculate
1773912610.321036,success,446.56,100,web_fetch
1773912610.321914,error,2.56,100,web_fetch
1773912610.352325,error,1.71,100,mock_heavy
1773912610.353041,error,2.13,100,calculate
1773912610.398173,success,1002.29,100,mock_heavy
1773912610.399176,error,2.25,100,web_fetch
1773912610.400175,error,1.79,100,calculate
1773912610.474514,success,366.24,100,web_fetch
1773912610.537908,error,2.04,100,mock_heavy
1773912610.538898,error,1.59,100,web_fetch
1773912610.597322,success,169.73,100,calculate
1773912610.627920,success,356.66,100,web_fetch
1773912610.659219,success,432.23,100,web_fetch
1773912610.704698,success,310.49,100,calculate
1773912610.705699,success,416.68,100,calculate
1773912610.706701,success,510.61,100,calculate
1773912610.767599,error,2.28,100,calculate
1773912610.783301,success,1279.97,100,mock_heavy
1773912610.834149,error,7.79,100,mock_heavy
